1003847
1003890
1003905
1003951
1003966
1004014
1004043
1004782
1004783
1004784
1004785
1004786
1004787
1004788
1004789
1004790
1004791
1004564
1004566
1004568
1004570
1004571
1004572
1004477
1004478
1003386
1003387
1003388
1003389
1003390
1003391
1003392
1003393
1003394
1003869
1003872
1000587
1000673
1004105
1004113
1004315
1004407
1004439
1004492
1004522
1004523
1004524
1004525
1004526
1004528
1004530
1004531
1000738
1000771
1002828
1002829
1000860
1003680
1003714
1003728
1003782
1003833
1004052
1004053
1004054
1004055
1002941
1002953
1003268
1003271
1003275
1003276
1003211
1003212
1005098
1005099
1005100
1005123
1001186
1003061
1003062
1001285
1002493
1002963
1005052
1005053
1005060
1005063
1005078
1005083
1003162
1003163
1003164
1003165
1003594
1003649
1003656
1004188
1004189
1004190
1004191
1004192
1004196
