1003848
1003850
1003854
1003864
1003868
1003884
1003891
1003893
1003895
1003896
1003897
1003898
1003899
1003906
1003911
1003918
1003923
1003930
1003937
1003947
1003953
1003954
1003956
1003968
1003976
1003981
1003995
1003999
1004010
1004016
1004030
1004039
1004044
1004046
1004048
1004050
1004792
1004793
1004794
1004795
1004796
1004797
1004798
1005032
1004815
1004816
1004826
1004827
1004828
1004829
1004830
1004831
1004832
1004833
1004834
1004945
1004949
1004929
1004930
1004959
1004962
1004967
1004970
1004975
1004978
1004934
1004935
1004936
1004872
1004873
1004874
1004875
1004876
1004862
1004863
1004864
1004865
1004896
1004897
1004898
1004899
1004910
1004911
1004912
1004913
1005008
1004924
1005010
1005014
1005019
1005024
1005028
1005030
1004592
1004593
1004594
1004595
1004596
1004604
1004609
1004614
1004618
1004620
1004633
1004640
1004644
1004649
1004656
1004659
1004661
1004663
1004668
1004672
1004680
1004685
1004688
1004693
1004696
1004699
1004702
1004708
1004720
1004479
1004483
1000443
1000448
1004495
1004504
1000491
1003400
1003414
1003419
1003430
1003444
1003456
1003457
1003458
1003461
1003465
1003469
1003482
1003493
1003500
1003501
1003502
1003503
1003504
1003510
1003513
1003519
1003922
1005072
1003932
1003934
1000592
1000595
1000596
1000597
1000674
1000675
1000676
1000677
1000678
1000679
1002808
1004126
1004129
1004132
1004135
1004220
1004223
1004320
1004322
1004326
1004336
1004408
1004409
1004449
1004454
1004458
1004493
1004494
1004496
1004501
1004532
1004533
1004558
1004559
1004576
1004577
1004578
1004579
1004580
1004581
1004582
1005043
1005045
1004645
1004650
1004706
1005047
1004733
1004734
1004741
1004742
1004743
1004748
1004749
1004766
1004767
1004768
1004769
1004770
1004771
1003152
1003156
1003157
1003158
1005048
1003140
1003141
1003143
1003145
1003148
1003151
1003125
1003128
1003131
1003132
1003133
1003138
1000815
1000871
1003681
1003699
1003715
1003721
1003729
1003736
1003744
1003757
1003766
1003775
1003783
1003788
1003793
1003802
1003811
1003820
1003830
1003834
1003835
1004056
1004057
1004099
1004100
1004101
1004102
1004127
1004128
1004142
1004143
1004144
1004145
1004146
1004147
1004148
1001033
1002416
1003277
1003278
1003279
1003280
1003281
1003282
1003283
1003284
1003285
1003286
1003287
1003288
1003289
1003290
1003291
1003292
1003293
1003294
1003295
1003232
1003233
1003234
1003235
1003236
1003237
1003238
1003239
1003240
1003241
1003242
1001059
1001142
1002451
1002815
1005101
1005102
1005103
1005104
1005105
1005106
1005107
1005108
1005109
1005110
1005111
1005112
1005113
1005114
1005115
1005116
1005117
1005118
1005119
1005120
1005121
1005122
1005124
1005125
1005126
1005127
1005128
1001188
1001194
1003063
1003064
1003065
1003066
1003067
1003068
1003069
1003070
1001286
1001305
1001310
1001324
1001341
1001356
1001487
1001494
1002730
1002733
1002734
1002844
1003011
1002969
1002974
1005054
1005055
1005058
1005061
1005064
1005079
1005081
1005084
1003166
1003167
1003168
1003169
1003170
1003171
1003172
1003173
1003174
1003175
1003177
1003178
1003595
1003604
1003611
1003616
1003626
1003635
1003643
1003650
1003653
1003657
1003663
1003669
1004197
1004198
1004199
1004200
1004201
1004202
1004204
1004302
1004303
1004304
1004305
1004306
1004389
1004390
1004391
1004395
1004399
1004400
1004401
1004402
1003026
1003045
1004425
1004438
1004446
1004461
1004472
