1003849
1003851
1003852
1003853
1003855
1003856
1003857
1003858
1003859
1003860
1003861
1003862
1003863
1003865
1003866
1003867
1003870
1003871
1003873
1003874
1003875
1003876
1003877
1003878
1003879
1003880
1003881
1003882
1003883
1003885
1003886
1003887
1003888
1003889
1003892
1003894
1003900
1003901
1003902
1003903
1003904
1003907
1003908
1003909
1003910
1003912
1003913
1003914
1003915
1003916
1003917
1003919
1003920
1003921
1003924
1003925
1003926
1003927
1003928
1003931
1003933
1003935
1003936
1003939
1003940
1003942
1003943
1003945
1003948
1003958
1003959
1003961
1003962
1003964
1003970
1003971
1003973
1003975
1003978
1003979
1003980
1003983
1003984
1003986
1003988
1003989
1003990
1003992
1003994
1003997
1004001
1004002
1004003
1004005
1004007
1004008
1004012
1004020
1004021
1004023
1004024
1004026
1004028
1004032
1004033
1004034
1004036
1004037
1004038
1004040
1004041
1004042
1004045
1004047
1004049
1004051
1004799
1004800
1004801
1004802
1005034
1004803
1004804
1005035
1005036
1004805
1005037
1005038
1005039
1004806
1004807
1004808
1005040
1004809
1004810
1004811
1004812
1004813
1004814
1005033
1004817
1004818
1004819
1004820
1004821
1004822
1004823
1004942
1004943
1004944
1004824
1004825
1004835
1004836
1004837
1004838
1004839
1004853
1004860
1004861
1004840
1004841
1004842
1004843
1004844
1004845
1004846
1004847
1004848
1004849
1004850
1004854
1004855
1004947
1004856
1004857
1004858
1004859
1004948
1004851
1004852
1004946
1004950
1004932
1004951
1004952
1004953
1004954
1004955
1004956
1004957
1004933
1004958
1004960
1004961
1004963
1004964
1004965
1004966
1004968
1004969
1004971
1004972
1004973
1004974
1004976
1004977
1004979
1004982
1004983
1004984
1004985
1004986
1004987
1004988
1004989
1004990
1004938
1004939
1004980
1004981
1004940
1004991
1004877
1004878
1004879
1004992
1004993
1004880
1004881
1004882
1004883
1004884
1004885
1004886
1004994
1004995
1004996
1004887
1004888
1004889
1004890
1004997
1004891
1004892
1004893
1004998
1004894
1004866
1004867
1004868
1004869
1004999
1005000
1004895
1004870
1004900
1004901
1005001
1005002
1005003
1005004
1004902
1004903
1005005
1005006
1005007
1004904
1004905
1004906
1004907
1004908
1004909
1005066
1005067
1005068
1004914
1004915
1004916
1004917
1004918
1004919
1004921
1004920
1004922
1004923
1005009
1004925
1004926
1004927
1004928
1005011
1005012
1005013
1005015
1005016
1005017
1005018
1005020
1005021
1005022
1005023
1005025
1005026
1005027
1005029
1005031
1004597
1004599
1004600
1004601
1004603
1004605
1004606
1004607
1004608
1004610
1004612
1004615
1004616
1004619
1004621
1004622
1004623
1004624
1004625
1004626
1004627
1004941
1004634
1004635
1004636
1004637
1004638
1004639
1004641
1004642
1004646
1004647
1004648
1004651
1004652
1004653
1004655
1004658
1004660
1004662
1004664
1004665
1004666
1004667
1004669
1004670
1004671
1004673
1004681
1004683
1004687
1004689
1004690
1004692
1004694
1004698
1004701
1004703
1004704
1004705
1004707
1004709
1004711
1004712
1004713
1004715
1004716
1004717
1004719
1004721
1004722
1004723
1004480
1004481
1004482
1000463
1002538
1002539
1004484
1004486
1004489
1004491
1000444
1000445
1000446
1000447
1002525
1005049
1000449
1000450
1000451
1000452
1002526
1002527
1002528
1002529
1002530
1004527
1004529
1000436
1000437
1000442
1004498
1004502
1004547
1000454
1000455
1000457
1000492
1000493
1000494
1000495
1000496
1002548
1003395
1003396
1003397
1003398
1003399
1003401
1003402
1003403
1003404
1003405
1003406
1003407
1003408
1003409
1003410
1003411
1003412
1003413
1003415
1003416
1003417
1003418
1003420
1003421
1003422
1003423
1003424
1003425
1003426
1003427
1003428
1003429
1003431
1003432
1003433
1003434
1003435
1003436
1003437
1003438
1003439
1003440
1003441
1003442
1003443
1003445
1003446
1003447
1003448
1003449
1003450
1003451
1003452
1003453
1003454
1003455
1003459
1003460
1003462
1003463
1003464
1003466
1003467
1003468
1003470
1003471
1003472
1003473
1003474
1003475
1003476
1003477
1003478
1003479
1003480
1003481
1003483
1003484
1003485
1003486
1003487
1003488
1003489
1003490
1003491
1003492
1005071
1003494
1003495
1003496
1003497
1003498
1003499
1003505
1003506
1003507
1003508
1003509
1003511
1003512
1003514
1003515
1003516
1003517
1003518
1003585
1003587
1003588
1004022
1004025
1004027
1004029
1004031
1004035
1005073
1005074
1005075
1005076
1005077
1003938
1003941
1003944
1003946
1003949
1003950
1003952
1003955
1003957
1003960
1003963
1003965
1003967
1003969
1003972
1003974
1003977
1003982
1003985
1003987
1003991
1003993
1003996
1003998
1004000
1004004
1004006
1004009
1004011
1004013
1004015
1004017
1004018
1004019
1004193
1004194
1004195
1004203
1004207
1004213
1004227
1004230
1004233
1004237
1004240
1004243
1004247
1004252
1004257
1004260
1004274
1004287
1004291
1004296
1004341
1004347
1004353
1004363
1004366
1004369
1004373
1004377
1004380
1004384
1004410
1004411
1004412
1004413
1004414
1004415
1004418
1004420
1004421
1004422
1004423
1004424
1004426
1004431
1004433
1004462
1004470
1004473
1004476
1004488
1004506
1004509
1004510
1004511
1004512
1004513
1004514
1004515
1004516
1004517
1004518
1004519
1004520
1004534
1004535
1004536
1004548
1004549
1004550
1004551
1004552
1004553
1004554
1004555
1004556
1004557
1004560
1004561
1004562
1004563
1004565
1004567
1004569
1004573
1004574
1004575
1004583
1004584
1004585
1004586
1004587
1004588
1004589
1004590
1004591
1004598
1004602
1004611
1005050
1004628
1004631
1005042
1005044
1005046
1004678
1004679
1004682
1004684
1004686
1004691
1004695
1004697
1004700
1005051
1004654
1004657
1004674
1004677
1004710
1004714
1004718
1004724
1004725
1004726
1004727
1004728
1004729
1004730
1004731
1004732
1004735
1004736
1004737
1004744
1004746
1004747
1004750
1004751
1004752
1004753
1004754
1004755
1004756
1004757
1004758
1004759
1004760
1004761
1004762
1004763
1004764
1004765
1004772
1004773
1004774
1004775
1004776
1004777
1004778
1004779
1004780
1004781
1000762
1000764
1003153
1003154
1000752
1002837
1002836
1003159
1003160
1000769
1003155
1000774
1003142
1003144
1003146
1003147
1003149
1003150
1000776
1002831
1003126
1000750
1003129
1000758
1000759
1000761
1000767
1003137
1002833
1000763
1000766
1003134
1003135
1003136
1000757
1000765
1002832
1003139
1003682
1003684
1003685
1003686
1003687
1003688
1003689
1003690
1003691
1003692
1003693
1003694
1003695
1003696
1003697
1003698
1003700
1003701
1003702
1003703
1003704
1003705
1003706
1003707
1003708
1003709
1003710
1003711
1003712
1003713
1003716
1003717
1003718
1003720
1003724
1003726
1003727
1005094
1005095
1005097
1003719
1003722
1003723
1003725
1005096
1003730
1003731
1003732
1003733
1003734
1003735
1003737
1003738
1003739
1003740
1003741
1003742
1003743
1003745
1003746
1003747
1003748
1003749
1003750
1003751
1003752
1003753
1003754
1003755
1003756
1003758
1003759
1003760
1003761
1003762
1003763
1003764
1003767
1003768
1003769
1003770
1003771
1003772
1003773
1003774
1003776
1003777
1003778
1003779
1003780
1003781
1003784
1003785
1003786
1003787
1003789
1003790
1003791
1003792
1003794
1003795
1003796
1003797
1003798
1003799
1003800
1003801
1003803
1003804
1003805
1003806
1003807
1003808
1003809
1003810
1003813
1003814
1003815
1003816
1003817
1003818
1003819
1003821
1003822
1003823
1003824
1003825
1003826
1003827
1003828
1003829
1003831
1003832
1003836
1003837
1003838
1003839
1003840
1003841
1003842
1003843
1003844
1004058
1004059
1004060
1004061
1004062
1005069
1004063
1004065
1004066
1004067
1004068
1004069
1004070
1004071
1004072
1004073
1004074
1004075
1004076
1004077
1004078
1004079
1004080
1004081
1004082
1004083
1004085
1004086
1004087
1004088
1004089
1004090
1004091
1004092
1004093
1004094
1004095
1004096
1004097
1004098
1005070
1004103
1004104
1004106
1004107
1004108
1004109
1004110
1004111
1004112
1004115
1004116
1004117
1004118
1004119
1004120
1004121
1004122
1004123
1004124
1004125
1004130
1004131
1004133
1004134
1004137
1004136
1004138
1004139
1004140
1004141
1004149
1004150
1004151
1004152
1004153
1004154
1004155
1004156
1004157
1004158
1004159
1004160
1004161
1004162
1004163
1004164
1004165
1004166
1004167
1004168
1004169
1004170
1004171
1004172
1004173
1004174
1004175
1004176
1004177
1004178
1004179
1004180
1004181
1004182
1004183
1004184
1004185
1004186
1003296
1003297
1003298
1003299
1003300
1003301
1003302
1003303
1003304
1003305
1003306
1003307
1003308
1003311
1003313
1003316
1003317
1003319
1003322
1003324
1003325
1003326
1003327
1003328
1003329
1003330
1003331
1003332
1003333
1003334
1003335
1003336
1003337
1003338
1003339
1003340
1003342
1003344
1003346
1003348
1003350
1003352
1003520
1003521
1003522
1003523
1003524
1003525
1003526
1005087
1003527
1003528
1003529
1003530
1003531
1003532
1003533
1003534
1003535
1003536
1003537
1003538
1003539
1003540
1003541
1003542
1003543
1003544
1005086
1003545
1003546
1003547
1005088
1003548
1003549
1003550
1003551
1003552
1003553
1003554
1003555
1003556
1003557
1003558
1003559
1003560
1003561
1003562
1003563
1003564
1003565
1003566
1003567
1003568
1003569
1003570
1003571
1003572
1003573
1003574
1003575
1003576
1003577
1003578
1003579
1003580
1003581
1003582
1003583
1003584
1003586
1003589
1003591
1003592
1003243
1003244
1003245
1003246
1003247
1003248
1003249
1003250
1003251
1003252
1003253
1003254
1003255
1003256
1003257
1003258
1003259
1003260
1003261
1003262
1003263
1003264
1003265
1003266
1003267
1003269
1003270
1003272
1003273
1003274
1003309
1003310
1003312
1003314
1003315
1003318
1003320
1003321
1003323
1003341
1003343
1003345
1003347
1003349
1003351
1003353
1003354
1003355
1003356
1003357
1003358
1003359
1003360
1003361
1003362
1003363
1003364
1003365
1003366
1003367
1003368
1003369
1003370
1003371
1003372
1003373
1003374
1003375
1001069
1001070
1001072
1001073
1001074
1001075
1001076
1003379
1001143
1001144
1001145
1001146
1003377
1000744
1000745
1001071
1003382
1003383
1003384
1003385
1001060
1001061
1001065
1001066
1001067
1001068
1003380
1003381
1002277
1002280
1002279
1003215
1002275
1002276
1003216
1002282
1002286
1002285
1002284
1002281
1002283
1003218
1003219
1003220
1003221
1003222
1003223
1003224
1003225
1003226
1003227
1003228
1003229
1003230
1003231
1003071
1003072
1003073
1003074
1003075
1003076
1003077
1003078
1003079
1003080
1003081
1003082
1003083
1003084
1003085
1003086
1003087
1003088
1003089
1003090
1003091
1003092
1003093
1003094
1003095
1003096
1003097
1003098
1003099
1003100
1003101
1003102
1003103
1003104
1003105
1003106
1003107
1003108
1003109
1003110
1003111
1003112
1003113
1003114
1003115
1003116
1003117
1003118
1003119
1003120
1003121
1003122
1003123
1003124
1001287
1001288
1001289
1001290
1001291
1001292
1001293
1001294
1001295
1001296
1001297
1001304
1001306
1001307
1001308
1001309
1001311
1001313
1001325
1001328
1001332
1001334
1001340
1001342
1001348
1001350
1001351
1002311
1001357
1001358
1001488
1002315
1001495
1001496
1001497
1001498
1001499
1002502
1002731
1002732
1002845
1002970
1002971
1002972
1002973
1005056
1005057
1002860
1005062
1002269
1005080
1005082
1003056
1003179
1003180
1003181
1003182
1003183
1003184
1003185
1003186
1003187
1003188
1003189
1003190
1003191
1003192
1003193
1003194
1003195
1003196
1003197
1003198
1003199
1003200
1003201
1003202
1003203
1003204
1003205
1003206
1003207
1003208
1003209
1003596
1003597
1003598
1003599
1003600
1003601
1003602
1003603
1003605
1003606
1003607
1003608
1003609
1003610
1003612
1003613
1003614
1003615
1003617
1003618
1003619
1003620
1003621
1003622
1003623
1003624
1005085
1003625
1003627
1003628
1003629
1003630
1003631
1003632
1003633
1003634
1003636
1003637
1003638
1003639
1003640
1003641
1003642
1003644
1003645
1003646
1003647
1003648
1003651
1003652
1003654
1003655
1003658
1003659
1003660
1003661
1003662
1003664
1003665
1003666
1003667
1003668
1003670
1003671
1003672
1003673
1003674
1003675
1003676
1003677
1003678
1003679
1004205
1004206
1004208
1004209
1004210
1004211
1004212
1004214
1004215
1004216
1004217
1004218
1004219
1004221
1004222
1004224
1004225
1004226
1004228
1004229
1004231
1004232
1004234
1004235
1004236
1004238
1004239
1004241
1004242
1004244
1004245
1004246
1004248
1004249
1004250
1004251
1004253
1004254
1004255
1004256
1004258
1004259
1004261
1004262
1004263
1004264
1004265
1004266
1004267
1004268
1004269
1004270
1004271
1004272
1004273
1004275
1004276
1004277
1004278
1004279
1004280
1004281
1004282
1004283
1004284
1004285
1004286
1004288
1004289
1004290
1004292
1004293
1004294
1004295
1004297
1004298
1004299
1004300
1004301
1004307
1004308
1004309
1004310
1004311
1004312
1004313
1004314
1004316
1004317
1004318
1004319
1004321
1004323
1004324
1004325
1004327
1004328
1004329
1004330
1004331
1004332
1004333
1004334
1004335
1004337
1004338
1004339
1004340
1004342
1004343
1004344
1004345
1004346
1004348
1004349
1004350
1004351
1004352
1004354
1004355
1004356
1004358
1004359
1004360
1004361
1004362
1004364
1004365
1004367
1004368
1004370
1004371
1004372
1004374
1004375
1004376
1004378
1004379
1004381
1004382
1004383
1004385
1004386
1004387
1004388
1004392
1004393
1004394
1004396
1004397
1004406
1004405
1004404
1004403
1003027
1003028
1003029
1003030
1003032
1003033
1003034
1003035
1003036
1003037
1003038
1004416
1004417
1004419
1003046
1003047
1003048
1003049
1003050
1003051
1003052
1003053
1003054
1003055
1004427
1004428
1004429
1004430
1004432
1004434
1004435
1004436
1004437
1004440
1004441
1004442
1004443
1004444
1004445
1004447
1004448
1004450
1004451
1004452
1004453
1004455
1004456
1004457
1004459
1004460
1004463
1004464
1004465
1004466
1004467
1004468
1004469
1004471
1004474
1004475
