1006001
1006002
1006003
1006004
1006005
1006006
1006007
1006009
1006010
1006011
1006012
1006013
1006014
1006015
1006018
1006019
1006021
1006022
1006023
1006026
1006028
1006029
1006031
1006032
1006036
1006039
1006041
1006043
1006045
1006048
1006050
1006051
1006052
1006053
1006054
1006056
1006057
1006058
1006063
1006064
1006065
1006066
1006067
1006069
1006070
1006073
1006074
1006075
1006076
1006077
1006078
1006079
1006080
1006081
1006082
1006083
1009001
1009002
1009003
1009004
1009005
1009012
1009013
1009017
1009018
1009019
1009020
1009021
1009023
1009024
1009025
1009026
1009027
1010000
1010001
1011000
1011001
1011002
1011003
1011006
1011007
1011008
1011009
1011010
1011011
1011012
1011020
1011021
1011022
1011023
1011024
1011025
1012000
1012001
1012002
1012004
1012005
1012008
1012010
1013000
1015000
1015002
1015003
1015004
1015005
1017000
1017001
1017002
1017009
1018000
1018001
1018002
1018003
1018004
1018005
1018006
1018007
1018008
1018009
1018010
1019000
1019001
1019002
1019003
1019004
1019005
1020000
1020002
1021000
1021001
1021002
1021004
1021005
1021010
1021013
1021014
1021015
1021016
1021020
1021021
1021022
1021024
1021025
1022000
1022001
1022003
1022006
1022007
1022008
1023000
1023001
1023003
1023006
1023007
1023008
1023009
1023010
1023012
1023013
1023014
1023015
1023016
1023018
1023019
1023020
1023021
1023022
1023023
1023025
1023031
1023032
1023036
1023037
1023039
1023040
1023041
1024002
1024003
1024004
1024006
1024009
1025000
1025001
1025004
1025005
1025006
1026000
1026002
1027000
1027001
1027002
1027003
1027007
1027008
1027009
1027012
1027013
1027014
1027015
1027016
1027017
1027018
1027020
1028003
1028004
1028005
1028007
1028008
1028009
1028010
1028011
1029000
1029001
1029002
1029003
1029004
1029005
1030000
1030001
1030002
1030003
1030004
1030005
1030006
1030007
1030010
1030012
1030013
1030014
1030015
1030016
1030017
1030018
1030019
1030020
1030021
1031000
1031001
1031002
1031003
1031005
1031006
1031008
1031009
1031010
1031012
1031013
1031014
1032000
1032002
1032004
1032007
1032008
1035000
1035001
1035003
1035005
1035006
1036002
1036003
1036004
1036005
1036006
1036007
1036008
1036009
1036010
1036012
1036013
1036016
1036017
1037001
1037003
1037004
1037010
1037011
1037012
1037015
1037016
1037017
1037018
1037020
1037021
1038000
1038002
1038003
1038004
1038005
1038006
1038007
1038008
1039000
1039002
1039003
1039005
1039006
1039016
1039017
1039018
1039019
1039020
1039021
1039022
1039023
1039024
1039025
1039027
1039028
1039029
1039030
1039032
1039033
1039034
1039035
1039036
1039037
1039038
1039039
1039040
1039041
1039042
1039043
1039044
1039045
1039046
1039047
1039049
1039050
1039051
1039052
1039053
1039056
1039057
1042000
1042001
1042002
1042003
1042004
1042005
1042006
1042007
1043001
1043002
1043004
1043005
1043007
1043008
1043009
1043010
1043011
1043012
1043013
1043014
1043016
1043017
1043019
1043020
1043021
1043022
1043023
1044004
1044005
1044006
1044007
1044008
1044009
1044010
1044011
1044012
1044019
1045000
1045001
1045002
1045003
1045004
1046000
1046001
1046002
1046003
1046004
1046005
1046006
1046007
1046008
1046011
1046012
1046014
1046015
1046016
1046020
1046022
1046024
1046025
1046026
1046027
1046028
1046029
1046030
1046031
1046032
1046033
1046036
1046037
1046038
1046039
1046040
1046042
1046043
1046044
1046045
1046047
1046048
1046049
1046050
1048001
1048002
1048004
1048005
1048006
1048007
1048008
1048009
1048010
1050000
1050001
1050005
1050006
1050011
1051000
1051001
1051002
1051003
1051004
1051006
1051007
1051010
1051011
1051012
1052000
1052002
1052005
1052008
1054000
1054001
1054002
1054003
1054004
1054005
1055002
1055003
1055004
1055008
1055011
1055012
1055015
1055016
1055018
1055019
1055020
1055021
1055022
1055023
1055024
1055027
1056000
1056002
1056004
1056005
1056006
1056007
1056008
1056009
1056011
1056012
1056013
1056014
1056015
1057000
1057001
1057002
1057003
1057004
1057005
1057006
1057007
1057008
1057009
1057010
1057011
1057012
1057014
1057015
1057016
1057017
1057018
1057020
1057021
1057022
1057023
1057024
1057025
1057026
1057027
1057028
1057029
1057030
1057031
1057033
1057036
1057037
1057038
1059000
1059001
1059002
1059004
1059007
1059009
1059010
1059011
1059012
1059013
1059014
1059019
1059020
1059025
1059026
1059029
1059033
1059034
1059036
1059040
1059042
1059043
1059044
1060002
1060007
1060008
1060010
1060011
1060012
1061000
1061001
1061002
1061003
1062002
1062003
1062004
1062005
1062006
1062007
1062008
1062009
1062010
1062011
1062012
1062013
1062014
1062015
1062016
1062017
1062018
1062019
1062020
1062021
1062022
1062023
1062024
1062025
1062026
1062029
1062030
1062031
1062033
1062035
1062036
1062037
1062038
1062039
1062040
1062041
1064000
1064001
1064002
1064003
1064004
1064005
1064007
1064008
1064009
1064010
1064011
1064012
1064013
1064014
1064016
1064017
1064021
1064022
1064023
1064024
1064025
1064026
1064027
1064030
1065001
1065002
1065003
1065004
1065005
1065006
1065007
1065008
1065009
1065010
1066001
1066002
1066004
1066005
1066006
1066007
1066008
1066010
1066011
1066012
1066014
1066015
1066016
1066017
1066018
1066019
1066027
1066028
1066029
1066030
1066031
1066033
1066034
1067000
1067001
1067002
1067003
1067004
1067005
1067006
1067007
1067011
1067012
1068000
1068001
1068002
1068003
1068004
1068005
1068006
1068007
1068009
1068010
1068011
1068012
1070000
1070005
1070008
1071004
1071005
1071006
1071009
1071011
1072000
1072001
1072003
1072004
1072005
1073000
1073004
1073006
1073007
1073008
1074000
1074001
1074002
1074005
1075000
1075001
1075002
1075003
1075005
1075007
1075008
1075009
1075010
1075011
1075012
1075013
1075014
1075015
1075016
1075017
1075018
1075019
1075020
1075021
1075022
1075023
1076001
1076003
1076004
1076007
1076008
1076009
1076010
1076012
1076013
1076014
1076015
1076016
1076017
1076018
1076019
1076021
1076024
1077002
1077003
1077007
1077008
1078000
1078001
1078003
1078006
1078007
1078008
1079000
1079001
1079002
1079003
1079004
1079005
1079007
1079008
1079010
1079011
1079012
1079013
1080001
1081000
1082000
1082001
1083000
1083001
1083002
1083003
1083005
1083006
1083007
1083008
1083009
1083010
1084000
1084001
1084003
1085000
1085001
1085002
1085003
1085004
1085005
1085006
1085007
1085008
1085009
1085011
1085012
1085013
1085014
1085015
1085017
1085018
1085019
1085020
1085022
1086000
1086001
1086002
1086003
1086004
1086005
1086006
1086007
1086008
1086013
1086020
1086021
1086022
1086023
1086024
1086025
1086026
1086027
1086028
1086029
1086030
1086032
1086033
1086034
1086035
1086036
1086040
1086043
1086044
1086045
1086047
1086050
1086051
1086052
1086054
1086055
1086057
1086058
1087003
1088000
1088001
1088002
1088003
1088004
1088007
1088009
1088010
1088011
1089000
1089002
1089003
1089004
1089005
1089006
1089007
1089009
1089010
1089011
1090002
1090003
1090004
1090008
1090009
1090010
1091000
1091002
1091003
1091004
1091005
1092000
1092001
1092002
1092003
1092004
1092005
1092006
1092007
1092008
1092009
1092010
1092011
1092012
1092013
1092014
1092017
1092018
1092021
1092022
1092023
1092024
1092025
1092026
1092027
1092028
1092029
1092030
1092031
1092033
1092034
1092035
1092036
1092037
1092038
1092039
1092040
1092041
1092042
1093000
1093001
1093002
1093004
1093005
1093007
1093008
1093009
1093011
1093012
1093013
1093014
1093015
1095002
1096001
1096002
1096003
1096004
1096005
1096006
1096007
1096008
1097000
1097001
1097004
1097005
1097006
1097007
1097008
1097009
1097010
1097011
1097012
1097013
1097014
1097016
1097017
1097018
1097019
1097020
1097021
1097022
1097024
1097025
1099001
1099002
1099003
1099004
1099007
1099008
1099009
1099010
1099012
1099013
1099014
1099015
1099016
1099017
1099018
1099019
1099020
1099023
1100000
1100001
1100002
1100004
1100005
1100007
1100008
1100009
1100010
1100012
1100013
1102000
1102001
1102002
1102004
1102005
1102006
1102008
1102009
1102010
1104003
1104004
1104006
1105001
1105002
1105003
1105004
1105005
1105006
1105007
1106000
1106001
1106002
1106003
1106004
1106006
1106007
1106008
1106009
1106012
1106013
1106014
1108000
1108002
1108003
1108004
1108006
1108007
1108008
1108010
1108011
1108012
1108013
1108014
1108015
1108017
1108018
1108020
1108021
1108024
1108025
1108026
1108027
1108028
1108029
1108030
1108031
1108032
1108033
1108034
1108035
1108037
1108041
1108044
1108045
1108046
1109000
1109001
1109002
1109003
1109004
1109007
1109008
1109009
1109010
1109011
1109012
1109013
1109014
1109015
1109016
1109017
1109018
1109019
1109020
1109021
1109022
1109024
1109029
1109030
1109031
1109032
1109033
1109034
1109039
1110000
1110001
1110002
1110003
1110004
1110006
1110008
1110009
1110010
1110011
1110012
1110013
1110014
1110015
1110016
1110017
1110018
1110019
1111000
1111001
1111002
1111003
1111004
1111005
1111006
1111007
1111008
1111009
1111011
1111012
1111013
1111014
1111015
1111016
1111017
1111018
1111020
1111021
1111022
1111023
1111024
1111025
1111026
1113001
1113002
1113003
1113004
1113005
1113007
1113008
1113010
1113011
1113012
1113013
1113014
1113015
1113017
1113019
1113021
1114002
1114005
1114006
1114007
1114008
1114009
1114010
1114011
1114014
1114015
1114016
1114017
1114019
1114021
1115000
1115001
1115002
1115003
1115004
1115005
1115006
1115007
1115008
1115009
1115010
1115011
1115012
1115013
1115014
1115015
1115016
1115017
1115018
1115019
1115020
1115021
1115023
1115024
1115025
1115027
1115028
1115029
1115030
1115031
1115032
1115033
1115036
1115038
1115039
1115040
1115041
1115042
1115043
1115045
1115046
1115047
1115048
1115049
1115050
1115051
1115052
1115055
1115058
1115059
1115060
1115061
1115062
1115063
1115065
1115066
1116004
1116005
1116007
1116008
1116009
1116011
1116012
1116013
1116014
1116015
1116016
1116018
1116019
1116020
1116021
1116022
1116024
1116025
1116026
1116027
1116028
1116029
1116030
1116031
1116032
1116033
1116034
1116035
1116036
1116037
1116038
1116039
1116040
1116041
1116042
1116043
1116044
1116046
1116047
1116048
1116049
1116050
1116051
1116052
1116053
1116054
1116055
1116056
1116057
1116058
1116059
1116060
1116061
1117000
1119002
1122001
1122002
1123000
1124000
1124001
1124002
1124003
1124004
1124005
1124006
1124007
1124008
1124009
1124010
1124011
1124012
1124014
1124015
1124016
1124017
1125000
1125001
1125002
1125003
1125004
1125005
1125006
1125008
1125010
1125011
1125012
1125013
1125014
1125015
1125016
1125017
1125018
1125019
1125020
1125021
1125022
1125023
1125024
1125025
1125026
1126000
1126001
1126004
1126005
1126006
1126007
1126008
1126009
1126010
1126014
1126015
1126016
1126017
1126019
1126020
1126021
1126022
1126023
1127000
1127001
1127002
1127003
1127004
1127005
1127006
1127007
1127008
1127010
1127011
1127012
1127013
1127014
1127018
1127020
1127024
1127025
1127026
1127027
1127028
1127029
1127030
1127031
1127032
1127033
1127034
1127035
1127037
1127038
1127039
1127040
1127041
1127042
1127043
1127044
1127045
1127046
1127047
1127048
1127049
1127051
1127052
1127053
1128001
1128002
1128003
1128004
1128005
1128006
1128007
1128008
1128009
1128010
1128011
1129000
1129001
1129003
1129004
1129005
1129006
1129007
1129009
1129010
1129012
1129014
1129015
1129016
1129017
1129018
1129019
1129020
1129021
1129022
1129023
1129024
1129025
1130000
1130002
1130003
1130004
1130008
1130009
1130010
1130011
1130012
1130013
1130014
1130015
1130016
1130017
1130018
1130020
1130021
1130031
1130032
1130033
1130035
1130036
1130037
1130038
1130039
1130041
1130042
1130043
1130044
1130045
1130046
1130047
1130048
1130049
1130050
1130051
1130052
1130053
1130055
1130056
1130057
1130058
1130059
1130060
1130061
1130062
1130063
1130064
1130065
1130067
1130068
1130069
1130072
1130074
1130076
1131000
1131001
1131002
1131003
1131004
1131005
1131006
1131007
1131008
1131009
1131010
1131011
1131012
1131016
1131017
1131018
1131022
1131023
1131024
1131025
1131029
1131030
1131031
1131032
1131033
1131034
1132000
1132001
1132002
1132003
1133000
1133001
1134000
1134001
1134002
1134003
1134004
1134005
1134006
1134007
1134008
1134010
1134011
1134012
1134013
1134014
1134015
1134016
1134017
1134018
1134019
1134020
1134021
1134022
1134023
1134024
1134025
1134026
1134027
1134028
1134029
1134030
1134031
1134032
1134033
1134034
1134035
1134036
1134039
1134040
1134041
1134042
1134043
1134044
1134045
1134046
1134047
1134048
1134049
1134050
1134051
1134052
1134053
1134054
1134055
1134056
1134057
1134058
1134059
1134060
1134061
1134062
1134063
1134064
1134065
1134066
1134067
1134068
1135000
1135001
1135002
1135004
1135005
1135006
1135007
1135008
1135009
1135010
1135011
1135012
1135013
1135014
1135015
1135016
1135017
1135018
1135034
1135036
1135037
1135038
1135039
1135040
1135041
1135042
1135043
1135044
1135045
1135047
1135048
1135049
1135050
1135051
1135052
1135053
1135054
1135055
1135056
1135057
1135058
1135059
1135061
1135062
1135063
1135064
1135065
1135066
1135067
1135068
1135069
1135070
1135071
1135072
1135073
1135074
1135075
1135076
1135077
1135078
1135079
1135080
1135081
1135082
1135083
1135084
1135085
1135086
1135087
1135088
1135089
1135090
1135091
1135092
1135093
1136001
1136002
1136003
1136006
1136008
1136009
1136010
1136011
1136012
1136013
1136014
1136015
1136016
1136017
1136018
1137000
1137001
1137002
1137003
1137004
1137005
1137006
1138000
1138001
1138002
1138003
1138004
1138006
1141000
1141001
1141003
1141004
1141006
1141007
1141008
1141009
1141010
1141011
1141012
1141013
1142000
1142001
1142002
1142003
1142004
1142005
1142006
1142007
1142008
1142011
1142012
1142013
1142014
1142015
1142017
1142018
1142019
1142020
1142023
1142024
1142025
1142026
1142028
1142029
1142030
1142031
1142032
1142033
1142035
1142036
1142037
1142038
1142039
1142040
1142041
1142042
1142043
1142044
1142045
1142046
1142050
1142051
1142052
1142053
1142054
1142055
1142056
1142057
1142058
1142059
1142060
1142061
1142062
1142069
1143005
1143006
1143007
1143008
1143009
1143010
1143011
1143012
1143014
1143016
1143017
1143019
1143020
1143021
1143022
1144000
1145000
1145001
1145002
1145003
1145004
1145005
1145006
1145007
1145008
1145009
1145010
1145013
1145014
1145015
1145016
1145017
1145018
1145019
1145021
1145022
1145023
1145024
1145025
1145027
1145029
1145030
1145031
1145032
1145034
1145036
1145037
1145038
1145039
1146000
1146001
1146002
1146003
1146006
1146007
1146008
1146010
1146011
1146012
1146013
1146014
1146015
1146017
1146018
1146019
1146020
1146021
1146022
1146023
1146024
1147000
1147002
1147003
1147004
1147005
1147006
1147007
1147008
1147009
1147012
1147013
1147014
1147015
1147016
1147017
1147018
1147019
1147020
1147021
1147022
1147023
1147024
1147026
1147027
1147028
1147029
1147030
1147031
1147032
1147033
1147034
1147035
1147036
1147037
1147038
1147039
1147040
1147041
1147042
1147043
1147044
1147045
1147046
1147047
1147048
1147049
1147050
1147052
1148000
1148001
1148002
1148003
1148004
1148006
1148007
1148008
1149000
1149001
1149002
1149004
1149005
1149006
1149007
1149008
1149009
1149010
1149011
1149012
1149013
1149014
1149015
1149016
1149018
1149020
1149021
1149023
1149024
1149025
1149026
1149032
1149033
1149034
1149035
1149036
1149037
1149038
1149039
1149040
1149041
1149042
1149043
1149044
1149045
1149046
1149047
1149048
1149049
1149051
1149052
1149053
1150000
1150001
1150002
1150003
1150004
1151000
1151001
1151002
1151003
1151004
1151005
1151006
1151007
1151008
1151009
1151010
1151011
1151012
1151013
1151015
1151016
1151017
1151018
1151019
1151020
1151021
1151022
1152000
1152001
1152002
1152003
1152004
1152005
1152006
1152007
1152008
1152009
1152010
1152011
1152012
1152013
1152014
1152015
1152016
1152017
1152018
1152019
1152020
1152021
1152022
1152023
1152024
1152025
1152026
1152027
1152028
1152029
1152030
1152031
1152032
1152033
1152034
1152035
1152036
1152037
1152038
1152039
1152040
1152041
1152042
1152043
1152044
1152045
1152046
1152047
1152048
1152049
1152050
1152051
1152052
1152053
1152054
1152055
1152056
1152057
1152058
1152059
1152060
1152061
1152062
1152065
1152066
1152067
1152068
1152069
1152070
1152071
1152072
1152074
1152075
1152076
1152077
1152078
1152079
1152080
1152081
1152082
1152083
1152084
1152085
1152086
1152087
1152088
1152089
1152090
1152091
1152092
1152093
1152094
1152095
1152096
1152097
1152098
1152099
1152100
1152101
1152102
1152103
1152104
1152105
1152106
1152107
1152108
1152109
1152110
1152111
1152112
1152113
1152114
1152115
1152116
1152117
1152118
1152119
1152120
1152121
1152122
1152123
1152124
1152125
1152126
1152127
1152128
1152129
1152130
1152131
1152132
1152133
1152134
1152135
1152136
1152137
1152138
1152139
1152140
1152141
1152142
1152143
1152144
1152145
1152146
1152147
1152148
1152149
1152150
1152151
1152152
1152153
1152154
1152155
1152156
1152157
1152158
1152159
1152160
1152161
1152162
1152163
1152164
1152165
1152166
1152167
1152168
1152169
1152170
1152176
1152177
1153000
1153001
1153002
1153003
1153004
1153005
1153006
1153007
1153008
1153009
1154000
1154001
1154002
1154003
1154004
1154005
1154006
1154007
1154008
1154009
1154010
1154011
1154012
1154015
1154016
1154017
1154018
1154019
1154020
1154021
1154022
1154023
1154026
1154027
1155000
1155001
1155002
1155003
1155004
1155005
1155008
1155009
1155010
1155013
1155015
1156000
1156001
1156002
1156003
1156004
1156005
1156006
1156007
1156008
1156009
1156011
1156013
1156014
1156015
1156016
1156017
1156018
1156019
1156020
1156021
1156022
1156023
1156024
1156026
1156028
1156029
1156030
1156031
1156032
1156033
1156034
1156035
1156036
1156037
1156038
1156039
1156040
1156041
1156042
1156043
1156044
1156045
1156047
1156048
1156049
1156050
1156053
1156054
1156055
1156064
1156065
1156066
1156067
1156068
1156069
1156070
1156071
1156072
1156073
1156075
1156077
1156078
1156079
1156080
1156081
1156082
1156083
1156084
1156085
1156086
1156087
1156088
1156089
1156090
1156091
1156092
1156093
1156095
1156098
1156099
1156100
1156101
1156102
1156105
1156110
1156111
1156117
1156118
1156119
1156120
1156125
1156127
1156128
1156129
1156130
1156131
1156132
1156134
1156137
1156138
1156139
1156140
1156142
1156144
1156145
1156146
1156147
1156148
1156149
1156150
1156151
1156152
1156153
1156154
1156155
1156156
1156157
1156158
1156159
1156161
1156162
1156163
1156165
1156167
1156168
1156169
1156170
1156171
1156172
1156174
1156178
1156179
1156180
1156183
1156184
1156185
1156188
1156189
1156190
1156191
1156192
1157002
1158001
1158002
1158006
1158007
1158008
1158009
1158013
1158014
1159002
1159003
1159004
1159007
1159008
1159010
1159011
1159012
1160001
1160003
1160004
1160005
1160007
1160008
1160010
1161002
1161003
1161005
1161006
1161009
1161010
1161011
1164000
1164001
1164003
1164005
1164006
1164007
1164008
1164011
1164012
1164013
1164014
1164015
1164016
1164017
1164018
1164019
1164020
1164021
1164022
1164023
1164024
1164025
1164026
1164027
1164029
1164030
1164031
1164032
1164033
1164035
1164036
1164038
1164039
1164040
1164041
1164042
1164043
1164044
1164046
1164047
1164049
1164050
1164051
1164052
1164060
1164062
1164063
1165001
1165003
1165004
1165005
1165007
1165008
1165009
1165010
1165011
1165012
1165013
1165014
1165015
1165016
1165017
1165018
1165021
1165024
1165025
1165026
1165027
1165028
1165029
1165030
1165031
1165032
1165033
1165034
1165035
1165036
1165037
1165040
1165041
1165042
1165043
1165044
1165050
1165051
1165052
1165059
1165060
1165061
1165062
1165063
1165064
1165066
1165067
1165068
1165069
1165070
1165071
1165072
1165076
1165077
1166000
1166001
1166002
1166003
1166004
1166005
1166006
1166008
1166009
1167000
1167001
1167002
1167004
1167006
1168001
1168003
1168006
1169000
1169001
1169002
1169005
1170000
1170001
1170003
1170005
1170006
1170007
1170008
1171000
1171001
1171002
1171003
1171004
1171005
1171006
1172003
1172004
1172008
1172009
1172010
1172011
1172012
1172013
1172014
1172015
1173005
1173006
1173007
1173008
1173009
1173010
1174000
1175000
1175001
1175002
1175003
1175004
1175005
1175006
1175007
1175008
1175009
1175010
1175011
1175012
1175013
1175014
1175015
1175016
1175017
1175018
1175019
1175020
1175021
1176000
1176001
1176002
1176003
1176004
1176005
1176007
1176008
1176009
1176010
1176011
1176012
1176013
1176014
1176015
1176016
1176017
1176020
1176021
1176022
1177000
1177001
1177004
1177006
1179000
1179001
1179002
1179003
1179006
1179007
1179009
1179010
1179011
1179012
1179013
1179014
1179015
1179016
1179017
1179018
1180000
1180001
1180003
1180004
1180007
1180008
1180009
1180010
1180011
1180012
1180013
1180014
1180015
1181000
1181001
1182005
1182006
1182007
1183000
1183001
1183002
1183003
1183004
1183005
1183006
1183007
1183008
1183010
1185000
1185001
1185003
1185005
1185006
1185007
1185008
1185009
1185010
1185012
1185013
1185015
1186000
1186001
1186002
1186003
1186004
1186005
1186006
1186007
1186010
1187000
1188000
1188001
1188002
1188003
1188004
1188005
1188006
1188007
1188008
1188009
1188010
1189000
1189002
1189003
1189004
1189005
1189006
1189007
1189008
1189009
1189010
1189011
1189012
1189013
1190000
1190001
1190004
1190005
1190006
1190007
1191000
1191001
1191002
1193002
1193003
1193005
1193006
1193007
1193009
1193013
1193014
1193018
1193023
1193024
1193025
1193027
1194000
1194001
1194002
1194004
1194005
1194006
1194007
1194013
1194014
1194017
1194020
1194021
1194024
1194026
1194027
1194028
1194029
1194030
1195000
1195001
1195002
1197000
1197003
1197004
1197006
1197007
1197008
1197009
1197014
1197015
1197017
1197018
1197019
1197020
1197021
1197023
1197024
1198000
1198002
1198003
1199003
1199005
1199006
1199008
1199009
1199010
1199011
1199013
1199014
1199015
1199017
1199019
1199020
1199021
1199022
1199023
1199024
1201000
1201001
1201002
1201004
1201005
1201006
1201007
1201009
1201010
1201011
1201012
1201013
1201015
1202000
1202001
1203000
1203001
1203002
1203003
1203004
1203005
1204000
1206000
1206001
1206002
1206006
1206007
1206008
1206009
1206010
1206011
1207000
1207001
1207002
1207003
1207004
1207005
1207006
1207009
1207010
1207011
1207012
1207013
1207014
1207015
1211001
1212000
1212002
1212003
1212004
1213000
1213001
1214000
1214001
1214007
1215001
1216000
1216003
1216004
1216005
1216006
1216007
1216008
1216009
1217002
1217003
1217004
1217008
1218000
1218002
1218003
1219003
1219004
1219011
1219013
1220000
1220001
1220004
1220005
1220006
1220008
1220009
1220010
1220011
1220012
1220013
1221000
1221001
1221002
1221003
1221004
1221005
1221006
1221007
1221009
1221010
1222001
1222004
1222005
1222006
1222007
1223000
1223001
1223002
1223003
1223004
1223005
1223006
1223009
1224000
1224001
1224002
1224003
1225000
1225001
1225002
1225003
1225004
1225007
1225015
1225016
1225017
1225018
1226000
1226006
1226008
1226009
1226014
1226016
1226017
1226018
1226019
1226021
1226022
1226023
1227000
1227001
1227002
1227003
1227004
1227005
1227006
1227007
1227008
1227009
1227010
1227011
1227012
1227013
1227014
1227015
1227016
1227017
1227018
1227019
1227020
1227021
1227022
1227023
1227024
1227025
1227026
1227027
1227028
1227029
1227030
1227031
1227032
1227033
1227034
1227035
1227036
1227037
1227038
1227039
1227040
1227041
1227042
1227043
1227044
1227045
1227046
1227048
1227049
1227050
1227051
1227052
1227053
1228000
1228001
1228002
1228003
1228004
1228005
1228006
1228007
1228008
1228009
1228010
1228011
1228012
1228013
1228014
1228015
1228016
1228017
1228018
1228019
1228020
1228021
1228022
1228023
1228024
1228025
1228026
1228027
1228028
1228029
1228030
1228031
1228032
1228033
1228034
1228035
1228036
1228037
1228038
1228039
1228040
1228041
1228042
1229000
1230001
1230002
1230003
1231000
1231001
1232002
1232003
1232004
1232005
1232006
1232007
1232008
1232009
1232010
1232011
1232012
1232013
1232014
1232015
1232016
1232017
1232018
1232019
1232020
1232021
1232022
1232023
1232024
1232025
1232027
1232028
1232029
1233001
1233003
1233004
1233005
1233006
1233008
1233010
1233011
1233012
1233013
1233014
1233015
1233016
1233017
1233018
1233019
1233020
1233021
1233022
1233023
1233024
1233025
1233026
1233027
1233028
1233029
1233030
1233031
1233032
1233033
1233034
1233035
1233036
1233037
1235000
1235001
1235002
1235003
1235004
1235005
1235006
1235007
1235008
1235009
1235010
1235013
1235014
1235019
1235020
1235021
1235022
1235023
1235024
1235025
1235026
1235027
1235028
1236000
1236001
1236002
1236003
1236004
1236005
1236006
1236007
1236008
1236009
1236010
1236011
1236012
1236013
1236014
1236015
1236018
1236019
1236020
1237000
1238000
1238001
1238002
1238004
1239000
1239003
1239006
1239008
1239009
1239010
1239011
1239012
1239013
1240000
1240001
1240002
1240003
1240004
1240005
1240006
1240007
1240008
1240009
1240010
1240011
1241003
1241005
1241007
1241008
1241013
1241015
1241017
1241018
1241019
1241021
1241022
1241023
1241025
1241026
1241027
1242000
1242001
1242004
1242008
1242009
1242011
1242014
1242015
1243000
1243001
1243002
1243003
1243004
1243005
1244000
1244001
1244002
1244003
1245002
1245009
1245012
1245013
1245014
1245015
1245016
1245017
1245018
1245019
1245020
1245021
1245022
1245023
1245024
1245025
1245026
1245027
1246000
1246001
1246002
1246013
1246014
1246015
1246016
1246018
1246019
1246020
1246021
1246022
1246023
1246025
1246026
1246027
1246028
1246029
1246030
1246031
1246032
1246033
1246037
1246038
1250000
1251000
1251001
1251002
1251003
1251008
1251009
1251010
1251011
1251012
1251014
1251015
1251016
1251017
1251018
1251019
1251020
1251021
1251022
1251023
1251024
1251026
1251027
1251028
1251031
1251043
1251047
1251048
1251049
1251050
1251051
1251052
1251053
1251054
1251057
1251061
1251062
1251063
1252000
1252001
1252002
1252003
1252006
1252007
1252009
1252010
1252011
1252012
1252013
1252014
1252015
1252016
1252017
1252018
1252019
1252020
1252021
1252022
1252025
1252026
1252028
1252029
1252030
1252031
1252033
1252034
1252035
1252048
1252049
1252050
1252051
1252052
1252058
1253000
1253001
1253002
1253003
1253004
1253005
1253006
1253007
1253008
1254000
1254001
1254003
1254005
1254006
1255000
1255001
1256003
1258000
1258003
1258004
1258005
1258006
1258007
1258008
1258009
1258010
1259001
1259002
1259003
1259008
1259009
1259010
1259012
1259013
1259014
1259015
1259016
1259017
1259019
1259020
1259022
1259023
1259024
1259025
1259026
1259027
1259028
1259029
1259031
1259036
1259043
1259044
1259049
1259050
1260000
1260001
1260006
1260008
1260009
1260010
1260011
1260012
1260013
1260014
1260015
1260016
1260017
1260018
1260019
1260021
1260022
1260026
1260034
1260037
1260040
1260045
1260047
1260048
1260050
1262000
1262001
1262002
1262004
1262005
1262006
1262007
1262008
1263000
1263001
1263004
1263007
1264000
1264001
1264002
1264006
1264007
1264010
1265000
1265001
1265002
1269000
1269001
1269002
1269004
1269007
1269009
1269010
1269012
1269013
1269017
1269021
1269022
1269023
1270000
1270003
1270004
1270005
1270008
1270010
1270015
1270017
1270018
1270019
1270020
1270021
1270023
1271000
1272000
1272001
1272002
1272003
1272004
1272005
1272006
1272007
1274000
1274001
1274002
1275000
1275005
1275008
1275011
1275012
1275013
1275014
1275015
1276000
1277002
1277005
1277006
1277008
1277009
1277010
1278000
1278005
1278006
1278007
1278010
1278011
1278012
1278013
1278015
1279000
1280001
1280003
1280006
1280009
1280011
1280012
1280013
1281000
1281001
1281002
1281003
1281006
1281008
1281011
1282000
1282002
1282003
1282004
1282006
1282007
1282013
1282019
1282020
1282021
1282022
1282024
1282025
1282026
1282027
1282028
1282029
1282030
1282031
1282032
1283000
1283001
1283002
1283003
1283004
1283005
1283007
1283009
1283010
1283013
1283014
1283015
1283018
1283019
1283020
1283021
1283022
1283023
1283025
1283026
1283027
1283028
1283030
1283032
1283037
1283038
1284000
1285000
1286000
1287000
1287001
1287003
1287004
1287005
1287006
1288002
1288007
1289000
1289001
1289002
1290000
1290001
1290002
1290003
1290004
1290005
1290006
1291000
1291001
1292000
1292001
1292003
1293000
1293001
1293002
1295000
1296000
1297000
1297001
1297002
1297004
1297006
1297009
1297010
1297014
1297017
1297018
1298000
1298001
1298002
1298004
1298006
1298009
1298011
1298013
1298014
1298015
1298016
1298018
1299000
1299001
1300000
1301000
1301001
1301002
1303000
1304000
1304001
1305000
1305001
1305002
1305005
1305007
1305009
1305010
1305011
1305013
1305015
1305016
1305017
1305018
1306000
1306001
1306002
1306003
1306004
1306005
1306006
1306008
1306010
1306013
1306016
1306017
1306019
1306020
1306023
1306025
1306026
1306027
1307000
1307001
1308000
1308001
1308002
1308003
1308004
1308005
1309000
1310000
1310001
1310002
1310003
1310004
1310005
1310006
1310007
1311000
1311001
1311002
1312000
1313000
1313001
1313002
1313003
1313004
1313005
1313006
1313007
1313008
1313009
1314000
1314001
1314002
1314003
1314004
1314005
1314006
1314007
1314008
1314009
1314010
1314011
1314012
1314013
1314014
1314015
1314016
1315002
1316000
1317000
1317001
1317002
1317004
1317005
1317006
1318000
1318001
1318002
1318003
1318004
1318005
1318006
1319000
1320002
1320003
1321000
1321001
1321002
1321010
1321011
1321012
1321013
1321014
1321015
1322000
1322001
1322003
1322004
1323007
1323008
1323009
1323010
1324000
1324005
1324006
1324007
1324008
1324009
1324010
1324011
1324013
1324014
1324015
1324016
1324017
1324018
1324020
1324021
1324022
1324023
1324024
1324025
1324027
1325000
1325001
1325002
1325003
1325004
1325005
1325007
1325011
1325013
1325014
1325016
1325017
1325018
1325020
1325021
1325022
1325024
1325025
1325028
1325030
1326000
1327000
1327001
1327003
1327004
1327005
1327006
1327011
1327014
1327015
1327016
1327018
1328005
1328006
1328007
1328009
1329000
1330000
1331001
1333001
1333002
1333003
1333008
1333009
1333012
1333015
1333016
1333018
1333019
1333021
1334000
1334001
1334002
1334003
1334004
1334005
1334008
1334010
1334014
1334017
1334019
1334020
1334021
1334022
1334023
1334026
1334028
1334029
1334030
1335000
1335001
1336000
1336001
1338001
1339001
1340000
1340001
1340002
1340003
1340004
1341000
1341001
1341002
1342000
1342001
1343000
1345000
1345001
1345003
1345004
1345005
1346000
1346001
1346002
1346003
1347000
1347001
1348000
1348002
1350000
1351000
1351001
1352000
1353000
1353001
1353002
1354000
1356000
1356001
1356002
1356004
1356005
1356007
1356008
1356010
1356012
1356013
1356014
1356017
1356021
1356023
1356024
1357000
1358000
1358001
1358002
1358003
1358005
1358007
1358008
1358009
1358011
1358012
1358013
1358017
1358020
1359000
1359003
1359004
1359005
1359006
1360000
1362000
1364000
1365002
1366000
1367000
1367002
1368000
1368002
1368003
1368006
1368007
1368008
1369000
1369001
1369002
1369004
1369005
1369006
1369007
1369008
1369012
1369013
1369014
1369015
1369016
1369017
1369018
1369019
1369020
1369021
1369023
1369026
1369027
1370000
1370001
1370002
1370003
1370004
1370005
1370006
1370007
1370008
1370009
1370012
1370013
1370014
1370015
1370016
1370022
1370023
1370024
1371000
1372000
1372001
1372003
1372005
1374000
1375000
1375001
1375002
1376000
1376001
1376002
1376004
1376005
1376006
1376009
1376010
1376011
1376012
1376013
1376014
1376015
1376016
1376017
1376018
1376019
1376020
1376021
1376022
1376023
1376024
1376025
1376026
1377000
1377001
1377002
1377003
1377004
1377006
1377007
1377008
1377009
1377010
1377011
1377012
1377013
1377015
1377016
1377017
1377018
1377019
1377020
1377021
1377022
1377024
1377025
1378000
1379000
1379001
1380000
1380001
1380002
1381000
1382000
1382001
1382002
1382003
1382004
1382005
1382006
1382007
1382009
1383000
1383002
1384000
1384001
1385000
1386000
1387000
1387001
1388000
1389000
1389003
1389004
1391000
1391001
1391002
1391003
1391008
1391010
1391011
1391012
1391014
1391015
1391016
1391018
1391019
1391020
1392002
1392003
1392004
1392005
1392006
1392008
1392011
1392014
1392019
1392020
1392022
1392023
1392024
1392025
1392026
1392027
1393000
1393001
1393002
1393003
1393004
1394000
1394001
1394002
1394003
1394004
1395000
1395001
1395002
1395003
1395004
1395005
1395006
1395007
1395008
1396000
1396001
1396002
1396003
1396004
1396005
1396006
1396007
1397000
1397001
1397002
1397003
1397005
1397006
1397007
1397008
1397009
1397011
1397012
1397013
1397014
1397017
1397019
1397020
1397021
1398001
1398004
1398005
1398006
1398007
1398008
1398009
1398011
1398014
1398015
1398016
1398017
1400000
1401002
1401003
1401004
1401005
1401006
1401007
1401009
1401010
1402001
1402002
1402003
1402004
1402005
1402007
1402008
1402009
1403000
1404000
1405003
1405004
1405007
1406001
1406002
1406003
1406004
1406008
1406009
1406010
1406011
1407000
1408000
1408001
1408002
1408003
1408004
1408005
1409000
1409001
1409002
1409003
1409004
1409005
1409006
1409007
1410000
1411000
1411001
1411004
1412000
1413001
1413002
1413003
1413007
1413008
1413010
1413011
1413012
1413013
1414001
1414004
1414005
1414006
1414007
1414008
1414009
1414010
1414011
1415000
1415001
1415002
1415003
1415004
1415005
1415006
1415007
1415008
1415009
1415010
1415011
1415012
1415013
1415014
1415015
1415016
1415017
1415018
1415019
1415020
1415021
1415022
1416001
1416004
1416005
1416008
1416009
1416013
1416015
1416017
1416018
1416019
1416023
1416029
1417004
1417005
1417007
1417008
1417009
1417010
1417011
1417012
1417013
1417014
1417017
1417018
1417021
1417022
1417023
1417026
1418001
1418002
1418003
1418004
1418005
1418006
1418007
1418009
1418010
1418011
1418012
1418013
1418014
1418015
1418016
1418017
1418018
1418019
1419007
1419009
1419010
1419012
1419013
1419015
1419016
1419017
1419019
1419020
1419024
1419025
1419026
1419027
1419028
1419029
1419030
1420004
1420008
1420009
1420010
1420011
1420012
1420013
1420014
1420015
1420016
1421000
1421001
1421003
1421004
1421005
1422000
1422001
1422002
1422003
1422004
1423000
1423001
1423002
1423003
1423004
1423005
1423006
1423007
1423008
1423009
1423010
1424000
1424001
1424002
1424004
1424007
1424008
1425000
1425001
1425002
1425003
1425006
1425007
1425008
1425009
1425010
1425011
1426000
1426001
1426002
1426003
1426004
1426005
1426006
1426007
1426008
1426009
1426010
1426011
1429003
1429004
1429005
1429006
1430000
1430003
1430004
1431000
1431002
1431003
1431005
1431006
1431007
1431008
1431010
1431011
1432000
1432001
1432003
1432006
1432007
1432008
1432009
1432010
1432011
1432012
1433000
1434006
1434007
1434008
1434010
1434017
1434018
1434019
1434021
1434022
1434024
1434025
1434026
1434028
1435002
1435004
1435009
1435010
1435014
1435016
1435017
1435018
1435019
1435020
1435021
1435022
1435024
1435025
1435026
1435027
1436000
1436001
1436003
1436004
1436005
1436006
1436007
1436008
1436009
1436010
1436011
1436012
1436013
1436014
1436016
1436017
1436018
1436019
1436020
1436021
1436022
1436023
1436024
1436025
1436026
1436027
1436028
1436029
1436030
1436031
1436032
1436033
1436034
1436035
1436036
1436037
1436038
1436039
1436040
1436041
1436042
1436043
1436044
1436045
1437000
1437001
1437002
1437003
1437004
1437005
1437006
1437007
1437008
1437009
1437010
1437011
1437012
1437013
1437014
1437015
1437016
1437017
1437018
1437019
1437020
1437021
1437022
1437023
1437024
1437025
1437026
1437027
1437028
1437030
1437031
1437032
1438000
1438001
1438002
1438003
1438004
1438005
1438006
1438008
1438012
1438013
1438014
1439000
1439001
1439002
1440000
1440001
1440002
1440003
1440004
1440005
1440006
1440007
1440008
1440009
1440010
1440012
1440013
1441000
1442001
1442002
1442003
1442004
1442005
1442006
1442007
1442008
1444000
1444001
1445000
1445001
1445002
1445003
1445004
1446000
1446001
1446002
1446003
1446004
1446005
1446006
1446007
1446008
1446009
1446010
1446011
1446012
1446013
1446015
1446016
1446026
1446031
1446032
1446040
1446041
1446042
1446049
1446051
1446053
1446054
1446056
1446057
1446058
1446059
1446060
1447000
1447004
1447005
1447006
1447007
1447008
1447009
1447010
1447011
1447012
1447013
1447014
1447015
1447016
1447017
1447018
1447019
1447020
1447022
1447035
1447036
1447037
1447046
1447054
1447055
1447056
1447057
1447058
1447059
1448002
1448003
1448004
1448005
1448008
1448009
1448014
1448016
1449001
1449002
1449006
1449008
1449009
1450001
1450004
1450005
1450006
1450007
1450008
1450009
1450010
1450011
1450012
1450013
1450015
1450016
1450017
1450018
1450019
1451001
1451002
1451003
1451004
1451005
1451006
1451007
1451008
1451009
1451010
1451011
1451012
1451014
1451015
1451016
1451017
1451018
1451019
1451020
1451021
1451022
1451023
1451024
1451026
1451027
1452000
1452001
1452002
1452003
1452004
1452005
1452006
1452007
1452008
1452009
1453000
1453001
1453002
1453004
1453005
1453006
1453007
1453008
1453009
1453010
1453011
1453012
1453013
1453014
1453015
1453016
1454000
1454002
1454003
1454004
1454005
1454006
1454007
1454008
1455002
1455003
1456000
1456001
1456002
1456003
1456004
1456005
1457000
1457001
1457002
1458000
1458001
1458002
1458003
1458005
1458006
1458008
1458011
1458013
1458014
1458015
1458016
1458017
1458018
1458020
1458022
1458023
1458024
1459001
1459002
1459003
1459004
1459005
1459006
1459007
1459009
1459016
1459017
1459018
1459019
1459020
1459021
1459022
1459023
1459024
1459025
1459026
1460001
1460003
1460004
1460005
1460006
1460010
1460011
1460012
1460014
1460016
1460018
1460019
1460020
1460021
1460022
1460023
1460025
1460026
1460027
1460028
1460030
1460034
1460035
1460036
1460038
1460040
1460041
1460042
1460043
1460044
1460045
1460047
1461000
1462000
1462002
1462004
1462008
1462009
1462010
1462012
1462013
1462015
1462016
1462019
1462020
1462022
1462023
1462024
1462025
1462026
1462027
1462028
1462029
1462030
1462031
1462032
1462033
1462034
1462035
1462036
1462037
1462038
1462039
1462040
1462042
1462043
1462044
1462047
1462048
1462049
1462052
1463000
1464000
1464001
1464002
1464003
1464004
1464005
1464006
1464007
1464008
1464009
1464010
1464011
1465000
1465001
1465002
1465003
1465004
1465005
1465006
1465007
1465008
1465009
1465010
1465011
1466000
1466001
1466002
1466003
1466004
1466005
1466006
1466007
1466008
1466009
1467000
1467001
1467002
1467003
1467004
1467005
1467006
1467007
1467008
1467009
1467010
1467011
1467012
1467013
1467014
1468000
1468001
1468002
1468003
1468005
1468008
1468012
1468014
1468015
1468016
1468020
1468021
1468022
1468023
1468024
1468025
1468026
1468027
1468028
1468030
1469000
1469001
1469002
1469003
1469004
1469015
1469016
1469018
1469019
1469022
1469023
1469024
1469025
1469026
1469027
1469028
1469029
1470000
1470001
1471002
1471003
1471004
1471006
1471007
1471008
1472000
1472001
1474001
1474002
1474003
1474004
1474005
1474006
1474007
1474008
1474009
1474010
1474011
1474012
1474015
1474016
1474017
1474018
1474019
1475000
1475001
1475002
1475005
1475008
1475012
1475015
1475016
1475017
1475018
1475019
1476000
1476001
1476002
1476003
1476005
1476006
1476007
1476008
1476009
1476010
1476011
1476012
1476013
1476014
1476015
1476016
1476017
1476018
1477001
1477002
1477003
1477004
1477013
1477014
1477017
1477019
1477021
1477022
1478000
1478001
1478002
1479000
1479001
1479002
1480000
1480001
1480002
1480004
1480005
1480006
1480007
1480009
1480010
1480011
1480012
1480013
1480014
1480015
1480016
1480017
1480018
1480019
1480023
1481000
1481001
1481002
1481003
1481007
1481012
1481013
1481014
1481015
1481016
1481017
1481018
1481020
1481021
1482000
1483000
1483001
1484001
1484002
1484003
1484005
1484008
1484009
1484011
1484014
1484015
1484016
1485000
1485001
1485006
1485007
1485009
1485011
1486000
1486001
1486002
1486003
1486005
1486009
1486013
1486015
1486016
1486017
1486018
1486020
1486021
1486023
1487000
1487002
1487003
1487004
1487005
1487007
1487008
1487009
1487013
1487014
1487016
1487017
1487020
1487021
1487022
1487023
1487025
1487026
1487029
1487030
1487031
1487032
1487033
1488000
1489000
1489001
1489002
1489003
1489004
1489005
1489006
1490000
1490001
1490003
1490004
1490005
1491000
1493002
1493003
1493006
1493007
1494000
1494001
1494003
1495000
1495001
1495002
1495003
1495004
1495005
1496000
1496001
1496002
1497000
1497001
1497002
1497003
1497004
1497005
1497006
1497007
1497008
1497009
1497010
1497012
1497013
1497014
1497015
1497016
1497017
1497018
1497020
1497021
1498000
1498002
1498003
1498005
1498006
1498007
1498008
1498009
1498010
1498011
1498012
1498013
1498014
1498015
1498016
1498020
1498021
1498022
1498023
1498024
1498025
1499000
1499001
1499002
1499003
1500000
1500001
1500002
1500003
1500004
1500005
1500006
1500007
1500008
1500010
1500011
1500016
1500017
1500018
1500019
1500021
1500022
1500023
1500024
1500025
1500026
1500027
1500028
1500030
1500031
1500033
1500034
1500035
1500037
1500039
1501000
1501001
1501002
1501003
1501005
1501006
1501007
1501008
1501010
1501014
1501015
1501016
1501017
1501018
1501020
1501021
1501022
1501023
1503000
1503001
1503002
1503003
1503004
1503011
1503012
1503013
1503016
1503017
1503018
1503019
1503020
1503021
1504004
1504005
1504006
1504007
1504008
1505000
1505001
1505002
1505003
1505006
1505007
1505008
1505011
1505012
1505013
1505014
1505015
1505018
1505019
1505020
1505022
1505023
1505024
1505025
1505026
1505027
1505028
1505029
1505030
1505031
1505032
1505042
1505043
1505045
1505046
1505047
1505048
1505049
1505050
1505051
1505052
1506000
1506001
1506002
1506003
1506004
1506006
1506008
1506009
1506010
1506011
1506013
1506014
1506015
1506018
1506019
1506020
1506021
1506022
1506032
1506033
1506034
1506035
1506036
1506038
1506043
1506044
1506045
1506047
1507000
1507001
1507002
1507003
1507004
1508000
1508001
1509000
1509004
1509005
1509006
1511000
1511001
1511002
1511005
1512000
1512002
1512003
1512004
1512006
1512007
1512008
1512009
1512010
1512011
1512013
1512014
1512016
1512017
1512018
1512021
1512022
1512023
1512024
1512025
1512026
1512027
1512028
1512030
1512031
1512032
1512033
1512034
1512035
1512036
1512038
1513000
1513001
1513003
1513004
1513012
1513014
1513015
1513016
1513017
1513018
1513020
1513021
1513023
1513025
1513026
1513028
1513029
1513030
1513031
1513032
1513034
1513037
1516000
1516002
1516005
1516006
1516007
1516008
1516011
1517001
1517004
1517006
1517007
1517008
1517012
1517013
1517014
1517015
1518000
1519003
1519004
1519005
1519006
1519007
1519009
1519010
1519011
1519012
1519013
1519014
1519015
1519016
1520001
1520004
1520007
1520008
1520009
1520010
1520011
1520012
1521000
1522000
1522001
1522005
1522006
1522008
1522010
1522011
1522020
1522021
1522024
1522025
1522027
1523003
1523004
1523005
1523006
1523008
1523013
1523014
1523022
1523023
1523025
1523026
1523027
1523028
1524000
1524001
1524002
1524003
1524004
1524005
1524006
1525001
1525002
1525003
1525004
1525005
1525006
1525007
1525008
1525009
1525010
1525011
1525012
1525013
1525017
1525018
1525019
1525020
1525022
1525029
1525032
1525034
1525035
1525036
1525037
1526000
1526001
1526002
1526003
1526005
1526006
1526008
1526009
1526010
1526011
1526014
1526017
1526018
1526020
1526021
1526023
1527000
1527001
1527002
1527003
1527004
1528001
1528002
1529000
1529001
1530000
1531000
1531003
1531004
1531005
1531006
1531007
1531009
1531010
1531011
1531012
1531013
1531014
1531015
1531016
1532001
1532002
1532003
1532004
1532005
1532008
1532009
1532011
1532012
1532013
1532014
1532015
1532016
1532017
1533000
1533001
1533002
1533003
1533004
1534000
1535000
1535001
1535002
1535003
1535004
1535005
1535006
1535008
1535010
1535011
1535013
1535014
1535017
1535018
1535019
1536000
1536001
1536002
1536006
1537000
1537001
1537002
1537003
1537004
1538001
1538002
1538003
1538006
1538007
1538009
1538010
1538011
1538012
1539001
1539003
1539004
1539005
1539007
1539009
1539010
1539013
1539014
1539015
1539017
1539018
1539020
1540000
1540001
1540002
1540004
1540005
1540006
1540009
1540012
1540013
1540014
1540015
1540016
1540017
1540018
1540019
1540020
1541000
1541009
1541010
1541011
1541012
1541015
1541017
1541020
1541022
1541024
1541026
1541027
1541028
1541029
1541032
1541033
1542000
1542001
1542002
1542005
1542008
1542009
1542010
1542012
1542015
1542017
1542018
1542019
1542020
1542021
1542023
1542024
1542025
1542028
1542030
1542031
1542032
1542033
1542034
1542035
1543000
1543002
1545000
1545001
1545002
1545003
1545004
1545008
1545009
1545010
1545011
1545012
1545014
1545016
1545017
1545018
1545020
1545021
1545022
1545023
1545024
1545025
1545026
1545027
1546000
1546001
1546002
1546003
1546004
1546005
1546007
1546009
1546010
1546011
1546012
1546014
1546015
1547001
1547002
1547003
1547004
1547005
1547006
1547007
1548000
1548001
1548002
1548007
1549000
1549002
1549005
1550001
1550009
1550010
1550011
1550012
1550014
1550015
1550016
1550019
1550024
1550027
1550031
1550032
1550035
1550040
1550041
1550043
1550044
1550046
1550047
1550048
1550049
1550051
1550055
1550058
1550059
1551000
1551001
1551011
1551013
1551014
1551015
1551016
1551018
1551020
1551022
1551023
1551024
1551026
1551027
1551028
1551029
1551031
1551032
1551033
1551034
1551036
1551037
1551041
1551052
1551054
1551055
1551056
1551057
1551059
1551062
1551064
1551065
1551067
1551068
1551069
1551070
1551072
1551074
1551075
1551076
1551077
1551079
1551081
1551082
1551083
1551090
1551092
1551094
1551095
1551096
1551097
1551098
1551099
1551100
1552000
1552001
1552004
1552005
1552006
1552007
1553000
1553001
1553002
1553003
1553004
1553005
1553006
1553007
1553008
1553009
1553010
1553013
1553014
1553015
1553025
1553026
1553027
1553028
1553030
1553031
1553032
1553033
1553036
1553037
1553038
1553039
1553040
1553041
1553043
1553044
1554000
1554001
1554002
1554003
1554004
1554005
1554007
1554008
1554010
1554011
1554012
1554013
1554014
1554018
1554020
1554021
1554022
1554023
1554026
1554027
1554031
1554032
1554036
1554039
1554040
1554041
1554045
1554048
1554050
1554051
1554052
1554053
1554054
1554055
1554056
1554057
1554058
1554060
1554061
1555000
1555001
1555003
1555005
1555006
1555007
1555011
1556001
1556002
1556003
1556005
1556006
1556007
1556009
1556010
1556011
1556012
1556013
1556014
1556015
1556016
1556017
1556018
1556019
1557001
1557002
1557004
1557005
1557006
1557011
1558000
1558001
1558003
1558007
1558009
1558014
1558018
1559000
1559001
1559002
1559003
1559004
1559005
1559006
1560000
1560001
1560003
1561000
1561001
1561003
1561004
1561005
1561006
1561007
1561008
1561009
1561011
1561012
1561013
1562000
1562001
1562002
1562003
1562004
1562005
1562006
1562007
1563000
1563001
1563002
1563003
1564000
1564001
1564002
1564003
1564004
1564005
1564007
1564010
1564013
1564015
1564016
1564021
1564023
1564024
1564025
1564026
1564037
1564038
1564039
1564040
1564041
1564043
1564044
1564045
1564046
1564047
1564054
1564057
1565000
1565001
1565002
1565004
1565005
1565010
1565011
1565012
1565013
1565014
1565034
1565035
1565037
1565039
1565042
1565043
1565049
1565050
1565051
1565052
1565057
1565059
1565066
1565067
1565068
1565069
1566000
1566001
1566002
1566003
1566004
1567001
1567004
1568000
1569002
1569003
1569004
1569006
1569007
1569009
1569010
1569011
1569012
1569013
1569014
1569015
1569016
1570000
1570002
1570003
1570004
1570007
1570008
1570009
1570013
1571001
1572001
1572002
1572003
1572004
1572005
1572006
1572007
1572008
1572009
1572010
1572011
1572012
1572013
1572014
1572015
1572016
1572017
1572018
1572019
1572020
1572021
1572022
1572023
1572024
1572025
1572026
1572027
1572028
1572029
1572030
1572031
1574000
1574001
1574002
1574003
1574004
1574005
1574006
1574007
1574008
1574009
1574012
1574013
1574014
1574015
1574018
1576000
1576001
1576002
1576003
1576005
1576007
1576008
1576009
1576010
1577000
1578000
1579000
1579002
1579008
1579009
1579010
1579011
1579014
1579015
1579016
1579017
1579018
1579019
1579020
1579021
1579023
1579024
1579025
1579030
1579031
1579032
1579033
1579034
1579037
1579038
1579052
1580000
1580001
1580002
1580003
1580004
1580008
1580010
1580013
1580014
1580015
1580016
1580017
1580018
1580019
1580020
1580021
1580022
1580023
1580024
1580025
1580026
1580028
1580029
1580030
1580034
1580038
1580040
1580041
1580042
1580043
1580051
1580052
1580075
1581000
1581001
1581003
1581005
1581006
1582000
1582002
1582003
1582004
1583000
1583001
1584000
1584001
1584003
1584007
1584009
1584011
1584016
1584017
1584018
1584019
1584020
1584021
1584022
1584023
1584025
1584026
1585000
1585002
1585003
1585004
1585005
1585006
1585007
1585008
1585011
1585012
1586000
1586001
1586002
1586003
1586006
1586007
1586008
1586009
1586010
1586012
1586013
1586014
1586015
1586016
1586017
1586018
1586019
1586020
1586021
1586022
1586023
1586024
1586025
1586027
1586028
1586030
1586031
1586032
1586033
1586034
1586035
1586036
1586037
1586038
1586039
1586040
1586041
1587000
1587001
1587002
1587003
1587004
1587005
1587006
1587008
1587009
1587010
1587011
1587012
1587013
1587014
1587015
1587016
1587017
1587018
1587019
1587020
1587021
1587022
1587023
1587024
1587026
1587027
1587028
1587029
1587030
1587031
1587032
1587033
1587034
1587035
1587036
1587037
1587038
1587039
1587040
1587041
1587042
1587043
1587044
1587045
1587046
1587048
1587050
1588000
1588001
1588004
1588006
1588010
1588011
1588012
1588015
1588016
1589000
1589002
1589003
1589005
1589007
1589008
1589009
1589011
1589012
1589014
1589016
1589017
1589018
1589019
1590000
1591000
1591001
1592000
1592001
1593000
1593001
1593002
1593003
1593004
1593005
1593007
1594000
1595002
1596001
1596003
1596005
1596006
1597000
1597001
1597002
1597003
1597005
1597006
1597007
1597008
1597009
1597011
1597012
1597013
1597014
1598000
1598001
1598004
1598005
1598007
1598008
1598009
1598010
1598011
1598012
1598013
1598014
1598015
1598016
1598017
1599004
1599005
1599006
1599008
1599009
1599012
1599015
1599018
1599019
1600000
1600002
1600003
1600004
1600005
1600006
1600009
1600012
1600014
1600015
1600016
1600017
1600018
1600019
1600020
1600021
1601000
1601002
1601003
1601004
1601005
1602000
1602001
1602002
1603000
1603001
1603002
1603003
1603004
1603005
1603006
1603007
1603009
1603010
1603011
1603012
1603013
1603014
1603016
1603017
1603018
1604000
1604001
1604003
1604004
1604005
1604006
1604008
1604009
1604010
1604011
1604012
1604014
1604015
1604016
1605000
1605001
1606000
1606001
1606002
1608000
1608001
1608002
1608005
1608006
1608007
1608008
1608010
1608011
1608012
1608013
1608014
1608016
1608018
1608019
1609001
1609005
1609007
1609008
1609009
1609012
1609014
1609015
1609016
1609017
1609018
1609019
1612001
1614000
1614002
1614003
1614004
1614005
1614006
1614007
1614008
1614009
1614010
1614011
1614014
1615000
1615002
1615003
1615006
1615007
1615008
1615009
1615010
1615011
1615012
1615013
1615014
1615016
1615017
1616001
1616003
1616005
1616006
1616007
1616008
1616009
1616010
1616011
1616014
1616015
1616016
1616017
1616018
1617000
1617001
1617016
1617021
1617023
1617024
1617035
1617036
1617037
1617038
1617039
1617045
1617046
1617047
1617048
1618000
1618010
1618011
1618012
1618016
1618017
1618019
1618024
1618025
1618030
1618031
1618034
1618035
1618036
1618037
1618038
1619000
1619001
1619002
1619003
1619004
1619005
1619006
1619007
1619009
1619010
1619011
1619012
1619013
1619014
1619015
1619016
1619018
1619019
1619020
1619021
1619024
1619028
1619033
1619034
1619035
1619036
1619037
1619038
1619039
1619040
1619041
1619042
1620000
1620001
1620002
1620004
1620005
1620006
1620007
1620008
1620009
1620010
1620011
1620012
1620013
1620014
1620017
1620018
1620019
1620020
1620021
1620022
1620023
1620024
1620025
1620026
1620027
1620028
1620029
1620032
1620033
1621000
1621001
1621002
1621003
1621004
1621005
1621006
1621007
1621008
1621009
1621010
1621011
1621012
1621014
1621018
1621019
1621020
1621023
1621024
1621025
1621026
1621028
1621029
1621033
1621034
1621035
1621036
1621038
1621039
1621043
1622001
1622002
1622004
1622005
1622006
1622007
1622008
1622009
1622010
1622011
1622012
1622013
1622018
1622019
1622021
1623000
1623003
1623004
1623005
1623006
1623007
1623010
1623012
1623013
1623016
1623017
1623018
1623019
1623020
1623021
1623022
1623023
1624000
1624001
1624002
1624003
1624004
1624005
1624006
1624007
1624008
1624009
1624010
1624011
1624012
1624013
1624014
1624015
1624016
1624017
1624018
1625000
1625001
1625002
1625003
1625006
1625007
1625008
1626000
1626003
1626005
1626010
1626011
1627000
1627001
1627002
1627003
1627004
1627005
1627006
1628001
1628002
1628005
1628007
1629000
1629001
1629002
1629005
1629006
1629007
1630000
1630001
1630003
1630004
1630005
1630006
1630007
1630008
1630009
1630010
1630011
1631001
1631003
1631004
1631009
1631010
1632000
1632001
1632002
1632003
1632004
1632005
1632006
1633001
1633006
1633008
1633009
1633010
1633011
1633018
1633019
1633020
1633021
1633022
1634001
1634003
1634004
1634006
1634007
1634008
1634009
1634010
1634013
1634014
1634015
1634016
1634020
1634023
1634024
1634025
1635000
1635002
1635004
1635005
1635006
1635007
1635009
1635010
1635011
1635012
1635013
1635015
1635016
1635017
1635019
1635023
1635030
1635031
1635032
1636000
1636003
1636005
1636006
1636007
1636008
1636009
1636011
1636012
1636013
1636014
1636015
1636016
1636017
1636021
1636022
1637000
1637002
1637003
1637004
1637005
1637007
1637010
1637011
1637012
1637013
1637014
1637015
1637016
1637017
1637018
1637019
1637020
1637022
1637023
1637024
1637025
1637028
1637029
1638000
1638001
1638002
1639000
1639001
1641000
1641001
1641002
1641004
1641005
1641006
1642001
1642002
1642003
1642004
1642005
1642006
1642007
1642008
1643001
1643002
1643003
1643004
1643005
1643006
1643008
1643009
1643010
1643011
1643012
1643013
1643014
1643015
1643016
1643017
1643018
1643019
1643020
1643021
1643022
1643023
1643024
1643025
1643026
1643028
1643029
1644000
1644001
1644002
1644003
1644005
1644006
1644007
1644008
1644009
1644010
1644011
1644012
1644013
1644014
1644015
1644016
1644017
1644018
1644019
1644020
1644021
1644023
1644025
1644027
1644028
1644029
1644030
1644031
1644032
1644033
1644035
1644036
1645000
1646000
1647000
1647001
1647004
1647005
1647009
1647010
1647011
1647012
1647013
1647014
1647015
1647016
1647018
1647019
1647020
1647021
1647022
1647023
1647024
1647026
1647027
1647031
1647032
1647033
1647034
1647035
1647036
1647037
1647038
1647039
1647040
1647041
1647042
1647043
1647044
1648000
1648001
1648002
1648003
1648004
1648005
1648007
1648011
1648012
1648013
1648014
1648015
1648016
1648017
1648018
1648020
1648021
1648023
1648024
1648025
1648026
1648027
1648028
1648029
1648030
1648031
1648032
1648033
1648034
1648036
1648037
1648039
1648040
1648041
1648042
1648043
1648044
1648045
1648048
1649000
1649001
1649002
1649004
1649005
1649007
1649009
1649010
1649011
1649012
1649013
1649014
1649016
1649017
1649018
1649019
1649020
1649021
1649022
1649023
1649024
1649026
1649027
1649028
1649029
1649031
1649032
1649033
1649034
1650000
1650004
1650005
1650006
1650008
1650010
1650011
1650012
1650013
1650014
1650015
1650016
1650018
1650019
1650020
1650022
1650023
1650024
1650025
1650026
1650027
1650028
1650029
1650030
1650031
1650032
1650033
1650034
1650035
1650036
1651000
1651001
1651002
1651004
1651007
1651008
1651009
1651010
1651011
1651013
1651014
1651016
1651017
1651018
1651020
1651021
1651022
1651023
1651024
1651025
1651026
1651027
1651028
1651030
1651031
1651032
1651035
1652000
1652001
1652002
1652003
1652004
1652005
1652006
1652007
1652008
1652009
1652013
1652014
1652015
1652016
1652017
1652018
1652019
1652022
1652025
1652027
1652028
1652029
1652030
1652031
1652032
1652033
1652034
1652035
1652037
1652038
1652039
1652043
1652044
1652045
1653000
1653001
1653002
1653003
1653004
1653005
1653006
1653008
1653010
1653012
1654000
1654002
1654003
1654004
1654005
1654006
1654008
1654009
1654011
1654012
1655001
1655002
1655003
1655004
1655005
1655006
1655007
1655009
1655010
1655011
1655012
1655013
1655016
1655017
1655018
1655019
1655021
1655022
1655024
1655026
1655027
1655028
1655030
1655031
1655032
1655034
1655035
1655036
1655037
1655038
1655039
1655040
1655041
1655042
1655043
1655044
1655045
1655046
1655048
1655049
1655050
1655051
1655052
1656000
1656001
1656003
1656005
1656006
1656007
1656008
1656009
1656010
1656011
1656012
1656014
1656015
1656016
1657000
1657001
1657002
1657004
1657005
1657006
1657007
1657008
1657009
1657010
1657011
1657012
1657013
1657014
1657015
1657016
1657017
1657019
1657020
1657021
1657022
1657023
1657024
1657025
1657026
1657027
1657028
1657030
1658000
1658001
1658002
1658003
1658004
1658005
1658006
1658008
1658009
1658010
1658012
1658013
1658014
1658017
1658018
1658019
1658020
1658021
1658022
1658023
1658025
1658027
1659000
1659001
1659002
1659003
1659004
1659006
1659007
1659009
1659010
1659011
1659012
1659013
1659014
1659015
1659016
1659017
1659021
1659022
1660001
1660002
1660004
1660005
1660006
1661001
1661002
1661003
1661004
1661005
1661006
1661007
1662000
1662001
1662002
1662003
1662005
1662007
1662008
1662009
1662010
1662011
1662012
1662013
1662014
1662015
1662016
1662017
1662018
1662019
1662020
1662021
1662022
1662023
1662024
1662025
1662026
1662027
1662028
1662030
1662031
1662032
1662033
1662034
1662035
1662036
1662037
1662038
1662039
1662041
1662042
1662043
1662044
1662045
1662046
1662047
1662048
1662049
1662050
1662051
1662052
1662053
1662055
1662056
1663000
1663001
1663002
1663003
1663004
1663005
1663006
1663007
1663008
1663011
1663013
1663014
1663015
1663016
1663017
1663018
1663019
1663020
1663022
1663023
1663024
1663025
1663027
1663028
1663029
1663030
1663031
1663032
1663033
1663034
1663035
1663036
1663037
1663038
1663039
1663040
1663042
1663043
1663044
1663045
1663046
1663047
1663048
1663049
1663050
1663052
1663053
1663054
1663055
1663056
1663057
1663058
1663059
1663060
1663061
1663062
1663063
1663064
1663065
1663066
1663067
1663069
1663071
1663073
1663074
1664001
1664003
1664004
1664007
1664009
1664011
1664012
1664013
1664015
1664016
1664017
1664018
1664019
1665005
1665006
1665008
1665009
1665012
1665013
1665014
1665015
1665016
1665017
1665018
1665023
1666000
1666001
1666002
1666003
1666005
1666006
1666007
1666008
1666009
1666010
1666011
1666014
1666015
1666016
1666018
1666019
1666020
1666022
1666023
1666024
1666026
1666027
1666031
1666033
1666034
1666035
1666041
1666042
1666043
1666044
1666045
1666046
1666047
1666048
1666049
1666050
1666051
1666052
1666053
1666054
1666055
1666056
1666057
1666060
1666062
1666063
1666064
1666065
1666066
1666067
1666068
1666069
1666070
1666071
1666072
1666073
1666074
1666075
1666076
1666077
1667000
1667001
1667003
1667004
1667007
1667008
1667009
1667010
1667011
1667015
1667017
1667018
1667019
1667020
1667022
1667023
1667024
1667026
1667027
1667028
1667029
1667031
1667034
1667035
1667042
1667043
1667044
1667047
1667048
1667049
1667050
1667051
1667052
1667053
1667054
1667055
1667056
1667057
1667063
1667064
1667065
1667066
1667067
1667068
1667070
1667071
1667072
1667073
1667074
1667075
1667076
1667077
1667078
1667079
1667080
1667081
1668000
1668001
1668003
1668004
1668005
1668006
1668007
1668008
1668009
1669000
1669002
1669003
1669005
1669006
1669007
1669008
1669009
1669010
1669011
1670000
1670001
1670002
1670003
1671000
1671002
1671003
1671004
1671005
1672000
1672002
1672003
1672004
1672005
1672006
1672007
1672008
1672009
1672010
1672012
1672013
1672014
1672015
1672016
1672017
1672019
1672022
1672023
1672024
1672025
1672026
1672027
1672029
1672030
1672031
1672032
1672033
1672034
1672035
1672038
1672039
1672043
1672044
1672045
1672047
1672048
1672050
1672051
1672053
1672054
1672055
1672056
1672057
1673000
1673001
1673002
1673003
1673004
1673006
1673007
1673008
1673009
1673010
1673011
1673012
1673013
1673016
1673017
1673018
1673019
1673020
1673021
1673023
1673024
1673026
1673027
1673029
1673030
1673031
1673032
1673033
1673034
1673035
1673036
1673037
1673038
1673039
1673040
1674000
1674001
1674003
1674004
1674005
1674006
1674007
1674008
1674011
1674012
1674013
1674014
1674015
1674016
1674017
1674018
1674019
1674020
1674021
1674022
1674023
1674028
1674030
1674037
1674038
1674039
1674040
1674041
1674042
1674044
1674047
1674048
1674049
1674050
1674051
1674054
1674057
1674058
1674059
1674060
1674061
1674062
1674064
1674065
1674077
1674078
1674079
1675001
1675002
1675003
1675004
1675005
1675007
1675008
1675009
1675011
1675012
1675013
1675014
1675015
1675017
1675018
1675020
1675025
1675031
1675032
1675039
1675041
1675043
1675045
1675046
1675047
1675048
1675049
1675051
1675054
1675060
1675064
1675066
1675069
1675071
1675072
1675074
1675076
1675077
1675083
1676001
1676002
1676003
1676004
1676005
1676007
1676009
1676016
1676018
1676021
1677000
1677001
1677002
1677003
1677004
1677005
1677006
1677007
1677009
1677010
1677011
1678001
1678003
1678004
1678005
1678006
1678007
1678008
1678012
1678013
1678015
1678016
1678020
1679001
1679003
1679006
1679007
1679008
1679011
1679013
1679015
1679016
1679018
1679020
1679021
1680001
1680002
1680003
1680004
1680005
1680007
1680008
1680009
1680010
1680011
1680012
1680013
1680014
1680015
1680016
1680017
1680018
1680019
1680021
1680022
1680023
1680024
1680025
1680026
1680027
1680028
1680029
1680030
1680031
1680032
1680033
1680034
1680035
1680036
1680038
1680039
1680040
1680041
1680042
1680043
1680045
1680048
1680049
1680050
1680053
1680055
1680057
1680058
1680060
1680061
1680062
1680063
1680064
1680065
1680066
1680070
1680073
1680074
1680075
1680077
1680080
1680087
1680108
1680120
1680135
1680138
1680167
1680169
1680177
1680184
1680201
1680202
1680203
1680205
1680207
1680211
1680212
1681002
1681003
1681004
1681005
1681007
1681008
1681010
1681011
1681012
1681013
1681014
1681015
1681016
1681017
1681018
1681020
1681021
1681022
1681023
1681025
1681027
1681028
1681029
1681030
1681031
1681032
1681033
1681034
1681035
1681036
1681037
1681038
1681039
1681041
1681042
1681046
1681048
1681049
1681050
1681051
1681052
1681053
1681054
1681056
1681057
1681058
1681060
1681061
1681062
1681063
1681064
1681065
1681066
1681067
1681070
1681071
1681073
1681074
1681078
1681081
1681083
1681085
1681092
1681098
1681108
1681127
1681147
1681149
1681171
1681172
1681173
1681174
1681175
1681177
1681179
1681182
1681183
1682001
1682002
1682003
1682004
1682005
1682006
1682007
1682011
1682012
1682014
1682015
1682016
1682017
1682019
1682020
1682021
1682022
1682023
1682024
1682025
1682026
1682027
1682029
1682030
1682031
1682032
1682034
1682035
1682036
1682037
1682038
1682040
1682041
1682043
1682044
1682045
1682047
1682049
1682050
1683001
1683002
1683003
1683004
1683005
1683006
1683007
1683010
1683011
1683012
1683013
1683015
1683018
1683019
1683020
1683021
1683022
1683023
1683024
1683025
1683026
1683027
1683028
1683029
1683030
1683031
1683032
1683033
1683041
1683043
1683044
1683045
1683046
1683047
1683049
1683050
1683051
1683052
1683053
1683054
1683057
1683058
1684000
1684003
1684004
1684007
1684008
1684009
1684011
1685000
1685001
1685002
1685003
1685004
1685006
1685007
1685008
1685010
1685011
1685013
1685015
1685016
1686000
1686001
1686002
1686004
1686005
1686006
1686010
1686011
1686012
1686016
1686017
1686018
1686019
1686020
1686022
1686023
1686024
1686027
1686030
1686031
1686032
1686035
1686036
1686037
1686038
1686039
1686040
1686041
1686043
1686044
1686048
1686052
1686057
1686066
1686067
1686070
1686071
1686073
1686077
1686078
1686087
1686088
1686090
1686091
1686092
1686093
1686095
1686096
1686097
1686098
1686100
1686102
1686103
1686104
1686106
1686109
1686112
1686113
1686114
1686115
1686118
1686119
1686120
1686121
1686122
1686124
1686125
1686126
1686129
1686130
1686131
1686132
1686134
1686135
1686145
1686146
1687000
1687001
1687002
1687003
1687004
1687005
1687007
1687008
1687010
1687011
1687012
1687013
1687014
1687015
1687016
1687019
1687022
1687024
1687026
1687028
1687029
1687030
1687031
1687032
1687033
1687034
1687035
1687038
1687040
1687043
1687044
1687045
1687048
1687050
1687052
1687054
1687055
1687057
1687058
1687060
1687061
1687062
1687066
1687068
1687073
1687074
1687076
1687077
1687079
1687081
1687082
1687084
1687086
1687089
1687091
1687094
1687095
1687096
1687100
1687102
1687103
1687110
1687117
1687118
1688002
1688003
1688004
1689000
1690000
1690001
1690002
1690003
1690004
1690006
1690007
1690008
1690009
1690017
1690019
1690022
1690025
1690028
1690032
1690033
1690034
1690037
1690038
1690039
1690040
1690041
1690042
1690043
1690044
1690045
1690046
1690047
1690049
1690050
1690051
1690052
1690053
1690056
1690060
1690062
1690063
1690064
1690065
1690066
1690068
1690070
1690073
1691000
1691001
1691003
1691004
1691007
1691008
1691010
1691011
1691021
1691024
1691025
1691028
1691033
1691036
1691037
1691039
1691041
1691042
1691043
1691044
1691045
1691046
1691047
1691048
1691049
1691052
1691055
1691057
1691058
1691060
1691064
1691066
1691071
1691072
1691073
1691074
1691075
1691076
3377002
3377003
3377004
3377005
3377007
3377011
3377013
3377014
3377016
3377017
3377018
3377019
3377020
3378002
3378008
3378009
3378010
3378011
3378012
3378013
3378014
3379000
3379001
3379002
3379004
3379006
3379007
3379008
3379009
3379010
3379011
3379012
3379013
3379014
3379015
3379016
3379021
3379022
3379023
3379026
3379027
3379028
3379029
3379031
3379032
3379036
3379037
3379038
3379044
3379045
3379048
3380000
3380004
3380006
3380007
3380008
3380009
3380010
3380011
3380012
3380014
3380015
3380016
3380017
3380018
3380019
3380024
3380026
3380027
3380029
3380031
3380033
3380034
3380036
3380040
3380041
3380042
3380043
3380044
3380046
3380048
3380049
3380050
3380051
3380052
3380053
3380057
3380058
3380060
3381000
3381003
3381004
3381006
3381007
3381008
3381011
3381012
3381013
3381014
3381019
3381020
3381022
3382000
3382001
3382002
3382003
3382004
3382005
3382007
3382011
3383000
3383001
3383002
3383009
3383010
3383011
3383013
3383014
3383019
3383020
3383022
3383023
3383027
3383028
3383032
3383033
3383034
3383036
3383037
3383040
3383042
3383043
3384000
3384003
3384004
3384005
3384008
3384009
3384010
3384011
3384016
3384018
3384021
3384023
3384026
3384027
3384028
3384029
3384030
3384031
3384033
3385000
3385001
3385006
3385008
3386000
3386001
3386003
3387000
3387001
3387002
3387003
3387004
3387011
3387012
3387014
3387015
3387018
3387019
3387020
3387022
3388000
3388001
3388003
3388005
3388007
3388008
3388010
3388012
3388013
3388014
3388015
3388016
3388017
3388018
3389000
3389001
3389002
3389003
3389004
3390000
3390001
3390002
3390003
3390004
3390005
3391001
3391002
3391004
3391005
3391006
3391007
3391009
3391010
3391011
3391015
3391016
3391017
3391018
3391019
3392001
3392002
3392003
3392004
3392005
3392006
3392009
3392010
3392011
3392012
3392013
3392014
3392015
3393000
3393002
3393003
3393005
3393006
3393008
3393009
3393011
3393012
3393015
3393016
3393020
3393023
3393025
3393026
3393027
3393028
3394000
3394003
3394004
3394005
3394006
3394007
3394012
3394013
3394014
3394015
3394016
3394019
3394020
3394021
3394022
3394023
3394026
3394027
3394028
3394029
3394030
3394032
3394033
3395000
3395001
3395002
3395003
3395004
3395005
3396000
3396001
3396002
3396005
3397002
3397003
3397004
3397005
3397006
3397008
3397011
3397012
3397013
3397015
3397016
3397017
3397018
3397019
3397020
3397021
3397022
3397023
3397024
3397026
3397028
3398000
3398001
3398002
3398003
3398004
3398005
3398006
3398008
3398009
3398010
3398011
3398012
3398013
3398014
3398015
3398016
3398017
3398018
3398019
3398020
3398021
3398022
3398023
3398025
3398027
3398028
3398029
3399000
3399001
3399002
3399007
3399008
3399010
3399011
3399012
3399013
3399014
3399015
3399016
3399017
3399018
3399019
3399020
3399021
3399022
3399023
3400003
3400004
3400007
3400008
3400011
3400012
3400013
3400014
3400017
3400018
3400019
3400020
3400022
3400023
3401003
3401004
3401005
3401006
3401009
3401010
3401011
3401012
3401014
3401016
3401023
3401024
3401025
3401026
3401027
3401028
3401029
3401030
3401031
3401032
3401033
3401034
3401035
3401038
3401039
3401040
3401041
3401042
3401043
3401044
3401045
3401049
3401050
3401051
3401052
3401053
3401054
3401055
3401056
3401057
3401058
3401059
3401061
3401062
3402001
3402003
3402007
3402008
3402009
3402010
3402011
3402012
3402013
3402014
3402015
3402016
3402018
3402019
3402020
3402021
3402024
3402025
3402026
3402027
3402028
3402030
3402031
3402032
3402033
3402034
3402035
3402036
3402037
3402038
3402039
3402040
3402042
3402043
3402044
3402046
3402048
3402049
3402050
3402051
3403000
3403001
3403002
3403003
3403004
3403005
3403006
3403007
3404000
3404001
3404003
3405001
3405002
3405004
3405005
3405006
3405008
3405009
3405011
3405012
3405013
3405017
3405018
3405019
3405020
3405022
3405023
3405025
3405027
3405029
3405030
3405033
3406000
3406003
3406004
3406006
3406009
3406010
3406011
3406012
3406013
3406016
3406018
3406019
3406022
3406029
3406030
3406031
3406033
3406034
3406035
3406036
3406038
3406039
3406042
3406043
3406044
3406045
3406046
3406047
3406050
3407006
3407008
3407009
3407013
3407014
3407016
3407018
3407019
3407020
3407021
3407022
3407026
3407033
3407034
3407035
3407037
3407038
3407040
3407041
3407042
3407044
3407045
3407047
3407048
3407049
3407050
3407051
3407052
3407053
3407058
3407060
3407061
3407062
3407063
3407065
3407066
3407069
3407073
3407074
3407076
3407077
3407080
3407082
3408003
3408005
3408010
3408011
3408012
3408014
3408016
3408017
3408018
3408022
3408023
3408024
3408026
3408027
3408028
3408030
3408031
3408036
3408042
3408043
3408049
3408050
3408051
3408057
3408058
3408059
3408062
3408063
3408066
3408070
3408071
3408072
3408075
3409000
3409001
3409009
3409014
3409016
3409024
3409026
3409027
3409028
3409029
3409030
3409032
3409033
3409041
3409042
3409044
3409045
3409046
3409047
3409048
3409049
3409051
3409053
3409054
3409060
3409063
3409082
3409083
3409084
3409085
3409089
3409090
3409098
3409102
3409103
3410001
3410005
3410012
3410013
3410015
3410027
3410028
3410029
3410030
3410031
3410032
3410042
3410043
3410045
3410052
3410057
3410065
3410072
3410074
3410080
3410083
3410085
3410087
3410090
3410095
3410096
3410099
3410100
3411015
3411016
3411019
3411020
3411025
3411026
3411032
3411042
3411051
3411052
3411053
3411054
3411058
3411059
3411060
3411061
3411064
3411065
3411066
3411067
3411070
3411074
3411076
3411077
3411078
3411079
3412000
3412001
3412013
3412014
3412022
3412023
3412024
3412035
3412042
3412043
3412045
3412046
3412047
3412048
3412049
3412050
3412052
3412053
3412054
3412062
3412063
3412064
3412065
3413000
3413001
3413003
3413004
3413005
3413006
3413009
3414000
3414001
3414004
3414005
3414007
3414009
3414010
3414011
3414012
3414015
3414017
3415000
3415001
3415004
3415005
3415008
3415009
3416002
3416003
3416008
3417000
3417001
3417002
3417003
3417004
3419000
3419002
3419003
3419004
3419006
3419007
3419008
3419019
3419021
3419022
3419023
3419025
3419026
3419027
3419028
3419029
3419030
3419032
3419033
3419034
3419035
3419036
3419037
3419038
3419039
3419040
3419043
3419047
3419049
3419050
3419052
3419053
3419055
3419057
3419059
3419063
3419064
3419065
3419066
3419067
3419068
3419070
3419071
3420001
3420002
3420003
3420006
3420008
3420009
3420010
3420011
3420013
3420014
3420015
3420016
3420017
3420018
3420019
3420020
3420021
3420023
3420025
3420028
3420029
3420034
3420035
3420036
3420037
3420040
3420041
3420042
3420043
3420044
3420045
3420046
3420047
3420048
3420049
3420052
3420056
3420057
3420058
3420060
3420064
3420065
3420068
3420071
3420072
3420073
3420074
3420075
3420076
3420077
3420078
3420079
3420083
3420084
3420085
3420087
3420090
3420091
3421000
3421002
3421006
3421007
3421008
3421009
3422000
3422001
3422003
3422004
3423001
3423002
3423003
3423004
3423010
3423012
3423020
3423021
3423022
3423023
3423024
3423025
3423026
3423027
3423028
3423029
3423030
3424000
3424002
3424003
3424004
3424012
3424013
3424015
3424020
3424024
3424025
3424026
3424027
3425000
3425001
3425005
3425007
3425008
3425010
3425011
3425012
3425014
3425015
3425017
3425020
3425023
3425026
3425027
3425030
3425032
3425034
3425035
3425036
3425037
3425038
3425039
3425040
3425041
3426002
3426005
3426007
3426008
3426009
3426010
3426011
3426018
3426020
3426021
3426023
3426030
3426032
3426033
3426037
3426038
3426041
3426042
3426043
3427001
3427002
3427004
3427005
3427006
3427007
3427008
3427009
3427014
3427016
3427018
3427019
3427029
3428001
3428002
3428003
3428005
3428006
3428007
3428008
3428012
3428014
3428015
3429007
3429009
3429018
3429019
3429029
3429038
3429041
3429042
3429043
3429045
3429047
3429048
3429050
3429051
3429052
3429053
3429054
3429056
3429061
3429063
3429065
3430000
3430004
3430005
3430007
3430008
3430012
3430013
3430014
3430017
3430021
3430023
3430041
3430042
3430043
3430044
3430045
3430046
3430047
3430050
3430052
3430054
3430055
3430056
3430057
3430058
3430060
3430061
3430062
3430064
3430066
3430067
3430069
3430072
3430076
3430077
3430078
3430079
3430080
3431002
3431003
3431005
3431008
3431011
3431012
3431013
3431014
3431015
3431016
3431018
3431019
3431020
3431021
3431022
3431023
3431024
3431025
3431026
3431027
3431028
3431029
3431030
3431034
3431037
3431038
3431039
3431040
3431041
3431042
3431043
3431044
3431045
3432002
3432003
3432004
3432006
3432008
3432009
3432010
3432011
3432013
3432014
3432015
3432016
3432017
3432018
3432019
3432020
3432021
3432022
3432023
3432024
3432025
3432026
3432027
3432028
3432030
3432031
3432033
3432034
3432035
3432036
3432037
3432039
3432045
3432046
3432047
3432048
3432049
3432050
3432051
3434000
3434001
3434002
3434003
3434004
3434006
3434009
3434010
3434012
3434014
3434015
3434016
3434017
3435003
3435006
3436001
3436002
3436003
3436004
3436008
3436009
3436010
3436017
3436019
3436021
3436022
3436025
3436026
3436028
3436030
3436032
3436033
3436035
3436038
3436039
3436040
3436041
3436042
3436043
3436045
3436047
3437000
3437001
3437003
3437004
3437005
3437006
3437007
3437013
3437014
3437015
3437016
3437020
3437021
3437022
3438000
3438004
3438005
3438008
3438009
3438010
3438011
3438012
3438013
3438014
3438015
3438017
3438018
3439004
3439005
3439007
3439008
3439009
3440004
3440005
3440006
3440007
3440008
3440009
3440011
3440012
3440013
3440017
3440018
3440019
3440020
3440021
3440023
3440028
3440032
3440033
3440034
3440036
3440038
3440039
3440040
3440041
3440042
3440045
3440048
3440050
3440051
3440056
3440059
3440062
3440063
3440064
3440065
3440066
3440068
3440069
3440070
3440071
3440072
3440074
3440075
3440078
3440080
3440081
3440087
3440088
3440089
3440090
3440094
3440109
3440110
3440112
3440118
3440120
3440121
3440122
3440123
3440124
3440126
3440127
3440128
3440129
3440130
3440131
3440132
3440133
3440134
3440135
3440136
3440138
3440139
3440141
3440143
3440144
3440145
3440146
3440148
3440149
3440150
3440151
3440152
3440153
3440155
3440156
3440157
3440159
3440160
3440161
3440162
3440163
3440164
3440165
3440166
3440167
3440168
3440169
3440170
3440172
3440175
3440176
3440178
3440179
3440181
3440187
3440188
3440189
3440190
3440191
3440192
3440194
3440198
3440202
3440206
3440207
3440208
3440212
3440213
3440215
3440216
3440221
3440224
3440225
3440226
3440227
3440228
3440229
3440230
3440231
3440232
3440233
3440234
3440235
3440239
3440240
3440242
3440243
3440244
3440245
3440246
3440247
3440248
3440252
3441003
3441004
3441006
3441007
3441009
3441013
3441014
3441015
3441016
3441017
3441018
3441021
3441022
3441023
3441024
3441025
3441026
3441027
3441028
3441030
3441031
3441032
3441033
3441034
3441036
3441037
3441038
3441039
3441041
3441043
3441045
3441048
3441050
3441051
3441052
3441053
3441055
3441060
3441061
3441062
3441063
3441064
3441066
3441067
3441068
3441069
3441071
3441072
3441076
3441077
3441078
3441081
3441090
3441101
3441104
3441105
3441106
3441107
3441108
3441109
3441110
3441112
3441113
3441114
3441115
3441116
3441117
3441118
3441119
3441120
3441122
3441123
3441124
3441125
3441126
3441130
3441131
3441133
3441134
3441136
3441137
3441138
3441139
3441140
3441144
3441145
3441146
3441147
3441148
3441149
3441150
3441151
3441152
3441153
3441154
3441156
3441157
3441163
3441164
3441165
3441166
3441167
3441168
3441169
3441172
3441174
3441175
3441177
3441182
3441183
3441186
3441187
3441188
3441189
3441191
3441193
3441195
3441198
3441204
3441205
3441206
3441208
3441209
3441210
3441211
3441212
3441213
3441214
3441215
3441216
3441217
3441218
3441219
3441220
3441223
3441228
3441229
3441231
3441233
3441234
3441236
3441239
3441240
3441242
3441243
3441245
3444000
3444001
3444002
3444003
3444007
3444010
3444014
3444015
3444016
3444017
3444018
3444019
3444021
3444023
3444024
3444025
3444026
3444028
3444031
3444032
3444033
3444035
3444042
3444043
3444044
3445000
3445001
3445002
3445003
3445004
3445006
3445007
3445008
3445009
3445010
3445013
3445017
3445018
3445019
3445024
3445025
3445026
3445028
3445036
3446000
3446001
3446002
3446003
3446005
3446006
3446007
3446008
3446011
3446012
3446014
3446015
3446016
3446017
3446018
3446020
3446021
3446022
3446023
3446024
3446025
3446026
3446027
3446030
3446031
3446032
3446033
3446034
3447000
3447003
3447006
3447007
3447008
3447010
3447012
3447013
3447014
3447015
3447016
3447017
3447018
3447019
3447020
3447021
3447022
3447023
3447024
3447026
3449000
3450000
3450001
3451005
3451006
3451007
3451011
3451013
3451015
3451016
3451017
3451018
3451023
3451024
3451025
3451026
3451027
3451029
3451031
3451033
3451036
3451037
3451038
3451039
3451041
3451042
3451044
3451045
3451047
3451050
3451051
3451054
3451055
3451056
3451061
3451063
3452005
3452008
3452009
3452016
3452017
3452020
3452022
3452023
3452028
3452029
3452030
3452032
3452033
3452034
3452035
3452037
3452040
3452041
3452042
3452044
3452045
3452046
3452047
3452048
3452051
3452052
3452053
3452054
3452062
3452064
3452065
3452068
3452069
3452070
3453004
3453008
3453009
3453011
3453013
3453015
3453016
3453017
3454003
3454006
3454008
3454010
3454011
3454013
3454014
3454016
3454017
3454021
3454022
3455001
3455004
3455006
3455007
3455008
3455010
3455011
3455012
3455013
3456000
3456001
3456005
3456006
3457000
3457003
3457004
3458000
3458006
3458008
3458009
3458010
3458011
3458012
3458018
3458019
3458020
3458021
3458026
3458028
3458029
3458034
3458035
3458037
3458038
3458039
3458041
3458042
3458045
3458048
3458049
3458050
3458051
3458056
3458057
3458058
3459003
3459005
3459006
3459009
3459021
3459024
3459026
3459027
3459031
3459032
3459037
3459039
3459040
3459041
3459043
3459044
3459045
3459047
3459052
3459054
3459056
3459057
3459058
3459059
3459060
3459061
3459062
3459063
3459064
3459066
3459067
3459068
3459069
3459070
3462004
3462008
3462009
3462011
3462014
3463000
3463001
3463003
3463006
3464008
3464010
3464011
3464015
3464016
3464017
3464018
3464019
3464020
3464022
3464030
3464039
3464044
3464048
3464054
3464055
3464057
3464058
3464061
3464065
3464066
3464070
3464071
3464074
3464075
3464076
3465002
3465003
3465004
3465007
3465010
3465011
3465016
3465018
3465020
3465021
3465022
3465023
3465024
3465026
3465031
3465046
3465048
3465052
3465053
3465054
3465056
3465058
3465059
3465060
3465061
3465062
3465063
3465064
3465066
3465067
3465069
3465074
3465076
3465077
3465080
3465083
3465086
3465089
3465090
3466000
3466006
3467004
3468000
3468001
3468003
3468006
3468009
3468011
3468012
3468013
3468016
3468025
3468026
3468027
3468028
3468029
3468030
3468031
3468032
3468033
3468044
3468046
3468048
3468050
3468051
3468054
3468055
3468057
3468058
3468059
3468060
3468061
3468062
3468063
3468064
3468065
3469002
3469003
3469004
3469006
3469013
3469015
3469027
3469028
3469029
3469030
3469032
3469033
3469036
3469043
3469045
3469046
3469047
3469048
3469051
3469052
3469053
3469054
3469055
3469056
3469057
3469058
3469059
3469060
3469062
3470000
3470002
3470003
3470004
3470005
3470006
3470007
3470009
3470010
3470011
3470012
3470013
3470014
3470015
3470016
3470017
3470018
3470019
3470020
3470021
3470022
3470025
3470026
3470027
3471000
3471001
3471003
3471004
3471005
3471006
3471007
3471008
3471009
3471010
3471018
3471019
3471020
3471022
3473000
3474000
3474001
3474004
3474005
3474006
3474007
3474008
3474009
3474010
3474011
3474018
3475000
3475002
3475003
3475006
3475007
3475008
3475009
3475010
3476000
3476002
3476003
3476007
3476008
3476009
3476011
3476012
3476013
3476017
3476019
3476020
3476021
3476024
3476025
3476026
3477001
3477012
3477014
3477015
3477017
3477018
3477019
3477020
3477023
3477024
3477026
3477027
3477028
3477029
3477030
3477031
3478001
3478003
3478008
3478009
3478010
3478011
3478013
3478014
3478017
3478019
3478020
3478021
3478024
3478039
3478040
3478041
3478042
3478044
3478047
3478051
3478052
3478053
3478055
3478056
3478060
3478061
3478065
3478067
3478068
3478070
3478072
3478073
3478076
3478077
3478078
3478081
3479010
3479012
3479013
3479015
3479019
3479027
3479032
3479033
3479034
3479035
3479037
3479038
3479039
3479047
3479048
3479049
3479050
3479051
3480003
3480004
3480009
3480014
3480016
3480018
3480021
3480022
3480024
3480025
3480034
3480035
3480036
3480037
3480038
3480039
3480041
3480044
3480046
3480047
3480048
3480049
3480050
3480051
3480052
3480054
3480055
3480056
3480057
3480058
3480059
3480060
3480061
3480064
3480066
3480067
3480068
3480069
3480070
3480071
3480072
3480073
3480074
3480075
3480076
3480078
3480079
3480080
3480081
3480082
3480083
3480084
3480085
3480086
3480087
3480088
3480089
3480090
3480091
3480092
3480093
3480095
3480096
3480097
3480098
3480099
3480100
3480101
3480102
3480103
3480104
3480105
3480106
3480107
3480108
3480109
3480111
3480112
3480113
3480114
3480115
3480117
3480118
3480119
3480122
3480123
3480124
3480125
3480126
3480127
3480128
3480129
3480130
3480131
3480132
3480133
3480134
3480135
3480136
3480137
3480138
3480139
3480140
3480141
3480142
3480143
3480144
3480145
3480146
3480147
3480148
3480149
3480150
3480151
3480152
3480153
3480154
3480155
3480156
3480157
3480158
3480159
3480160
3480161
3480162
3480163
3480165
3480166
3480167
3480168
3480169
3480170
3480171
3480172
3480173
3480174
3480175
3480176
3480177
3480178
3480179
3480180
3480181
3480182
3480183
3480184
3480185
3480186
3480187
3480188
3480189
3480190
3480191
3480192
3480193
3480194
3480195
3480196
3480197
3480198
3480199
3480200
3480201
3480202
3480203
3480204
3480205
3480206
3480207
3480208
3480209
3480210
3480211
3480212
3480213
3480214
3480215
3480216
3480217
3480218
3480219
3480220
3480221
3480222
3480223
3480224
3480225
3480226
3480227
3480228
3480229
3480231
3480235
3480236
3480237
3480238
3480239
3480240
3480241
3480244
3480245
3480246
3480247
3480248
3480249
3480250
3480251
3480252
3480253
3480254
3480255
3480256
3480257
3480258
3480259
3480260
3480261
3480262
3480264
3480265
3480266
3480267
3480268
3480269
3480270
3480271
3480272
3480273
3480274
3480275
3480276
3480277
3480278
3480279
3480280
3480281
3480282
3480283
3480284
3480285
3480286
3480287
3480288
3480289
3480290
3480291
3480292
3480293
3480294
3480295
3480296
3480297
3480298
3480299
3480300
3480301
3480302
3480303
3480304
3480305
3480306
3480307
3480308
3480309
3480310
3480311
3480312
3480313
3480314
3480315
3480316
3480317
3480318
3480319
3480320
3480321
3480322
3480323
3480324
3480325
3480326
3480327
3480328
3480329
3481002
3481007
3481009
3481012
3481014
3481016
3481017
3481018
3481019
3481030
3481031
3481032
3481033
3481034
3481035
3481037
3481038
3481041
3481043
3481046
3481047
3481048
3481049
3481051
3481052
3481053
3481054
3481055
3481057
3481058
3481063
3481065
3481066
3481067
3481068
3481070
3481071
3481072
3481073
3481074
3481075
3481076
3481077
3481078
3481079
3481080
3481081
3481082
3481083
3481084
3481085
3481086
3481087
3481088
3481089
3481090
3481091
3481092
3481093
3481095
3481096
3481097
3481098
3481099
3481100
3481101
3481102
3481103
3481104
3481105
3481106
3481107
3481108
3481109
3481112
3481113
3481114
3481115
3481116
3481117
3481118
3481119
3481120
3481126
3481127
3481128
3481129
3481131
3481132
3481133
3481135
3481136
3481137
3481138
3481139
3481140
3481141
3481142
3481143
3481144
3481145
3481146
3481147
3481148
3481149
3481150
3481151
3481152
3481153
3481154
3481155
3481156
3481157
3481158
3481160
3481161
3481162
3481163
3481164
3481165
3481166
3481167
3481168
3481169
3481170
3481171
3481172
3481173
3481174
3481175
3481176
3481177
3481178
3481179
3481180
3481181
3481182
3481183
3481184
3481185
3481186
3481187
3481188
3481189
3481190
3481191
3481192
3481194
3481195
3481196
3481197
3481198
3481199
3481200
3481201
3481202
3481203
3481204
3481205
3481206
3481207
3481208
3481209
3481210
3481211
3481212
3481213
3481214
3481215
3481216
3481217
3481218
3481219
3481220
3481221
3481225
3481226
3481227
3481228
3481229
3481230
3481231
3481232
3481233
3481234
3481235
3481236
3481237
3481238
3481239
3481240
3481241
3481242
3481244
3481245
3481246
3481247
3481248
3481249
3481250
3481251
3481252
3481253
3481254
3481255
3481256
3481257
3481258
3481259
3481260
3481261
3481263
3481264
3481265
3481266
3481267
3481268
3481269
3481271
3481272
3481273
3481274
3481275
3481276
3481277
3481278
3481279
3481280
3481281
3481282
3481284
3481286
3481287
3481288
3481290
3481291
3481292
3481293
3481294
3481295
3481297
3481298
3481299
3481300
3481301
3481302
3481303
3481304
3481305
3481306
3481307
3481308
3481309
3481310
3481311
3481312
3481313
3481314
3481315
3481316
3481317
3481318
3481319
3481320
3481321
3481322
3481323
3481324
3481325
3481326
3481327
3481328
3481329
3481330
3481331
3481332
3481333
3481334
3481335
3481337
3481338
3481339
3481341
3481342
3481343
3481344
3481345
3481346
3481347
3481348
3481349
3481350
3481351
3481352
3481353
3481354
3481355
3481356
3481357
3481358
3481359
3481361
3482003
3482005
3482010
3482011
3482012
3482013
3482014
3482015
3482025
3482026
3482027
3482028
3482029
3482030
3482032
3482033
3482034
3482035
3482036
3482037
3482038
3482040
3482041
3482042
3482043
3482044
3482046
3482047
3482048
3482050
3482051
3482052
3482053
3482054
3482055
3482056
3482057
3482058
3482059
3482060
3482061
3482062
3482063
3482064
3482065
3482066
3482067
3482068
3482069
3482070
3482072
3482073
3482074
3482075
3482076
3482077
3482083
3482084
3482085
3482087
3482088
3482089
3482090
3482091
3482092
3482093
3482094
3482095
3482096
3482097
3482098
3482099
3482100
3482101
3482102
3482103
3482104
3482105
3482106
3482107
3482108
3482109
3482110
3482111
3482112
3482113
3482114
3482115
3482116
3482117
3482118
3482119
3482120
3482121
3482122
3482123
3482124
3482126
3482127
3483004
3483007
3483008
3483009
3483011
3483012
3483013
3483024
3483027
3483028
3483029
3483030
3483031
3483032
3483033
3483034
3483035
3483036
3483037
3483038
3483039
3483040
3483041
3483042
3483043
3483044
3483045
3483046
3483047
3483048
3483049
3483050
3483051
3483052
3483053
3483054
3483055
3483057
3483058
3483059
3483060
3483061
3483062
3483063
3483064
3483065
3483067
3483068
3483069
3483070
3483071
3483072
3483073
3483074
3483075
3483076
3483077
3483078
3483079
3483080
3483081
3483082
3483083
3483084
3483085
3483086
3483087
3483088
3483089
3483090
3483091
3483092
3483093
3483094
3483095
3483097
3483098
3483099
3483100
3483101
3483102
3483103
3483104
3483105
3483106
3483107
3483108
3483109
3483110
3483111
3483112
3483113
3483114
3483115
3483116
3483117
3483118
3483119
3483120
3483121
3483122
3483123
3483124
3483125
3483126
3483127
3483128
3483129
3483130
3483131
3483132
3483133
3483134
3484011
3484012
3484013
3484014
3484015
3484016
3484017
3484018
3484019
3484020
3484022
3484023
3484024
3484025
3484026
3484027
3484028
3484029
3484030
3484031
3484033
3484034
3484035
3484036
3484037
3485003
3485005
3485008
3485009
3485010
3485011
3485012
3485013
3485014
3485015
3485016
3485017
3485018
3485019
3485020
3485021
3485022
3485023
3486001
3486002
3486003
3486004
3486007
3486008
3486009
3486011
3486012
3486013
3486014
3486015
3486016
3486018
3486019
3486020
3486021
3486022
3486023
3486024
3486025
3486026
3486027
3486029
3486030
3486031
3486032
3486033
3486035
3486036
3486037
3486038
3486039
3486040
3486041
3486042
3486043
3486044
3486045
3486046
3486047
3486048
3486049
3486050
3486051
3486052
3486053
3486054
3486055
3486056
3486057
3486058
3486059
3486060
3486061
3486062
3486063
3486064
3486065
3486066
3486067
3486068
3486069
3486070
3486071
3486072
3486073
3486074
3486075
3486076
3486077
3486078
3486079
3486080
3486081
3486082
3486083
3486084
3486085
3486086
3486087
3486088
3486089
3486090
3486091
3486092
3486093
3486094
3486095
3486096
3486097
3486098
3486099
3486100
3486101
3486102
3486103
3486104
3486105
3486106
3486107
3486108
3486109
3486110
3486111
3486112
3486113
3486114
3486115
3486116
3486117
3486118
3486119
3486120
3486121
3486122
3486123
3486124
3486125
3486126
3487002
3487003
3487004
3487005
3487006
3487007
3487008
3487009
3487010
3487011
3487012
3487013
3487015
3487016
3487017
3487018
3487019
3487020
3487021
3487022
3487023
3487024
3487025
3487026
3487027
3487029
3487030
3487031
3487032
3487033
3487034
3487035
3487036
3487037
3487038
3487039
3487040
3487041
3487042
3487043
3487044
3487045
3487046
3487047
3487048
3487049
3487050
3487051
3487052
3487053
3487054
3487055
3487056
3487057
3487058
3487059
3487060
3487061
3487062
3487063
3487064
3487065
3487066
3487067
3487068
3487069
3487071
3487073
3487074
3487075
3487076
3487077
3487078
3487079
3487080
3487081
3487082
3487083
3487084
3487085
3487086
3487087
3487088
3487089
3487090
3487091
3487092
3487093
3487094
3487095
3487096
3487097
3487098
3487099
3487100
3487101
3487102
3487103
3487104
3487105
3487106
3487107
3487108
3487109
3487110
3487111
3487112
3487113
3487114
3487115
3487116
3487117
3487118
3487119
3487120
3487121
3487122
3487123
3487124
3487125
3487126
3487127
3487128
3487129
3487130
3487131
3487135
3487136
3487137
3487138
3487139
